NAME : R2000_1
TYPE : CVRPTW
DIMENSION : 2000
VEHICLES : 10
CAPACITY : 2000
SERVICE_TIME : 90
EDGE_WEIGHT_TYPE : EXACT_2D
NODE_COORD_SECTION
1 250 250
2 387 297
3 5 297
4 355 177
5 78 346
6 286 159
7 322 465
8 393 408
9 89 216
10 76 345
11 410 285
12 472 189
13 270 49
14 219 325
15 437 12
16 418 218
17 20 488
18 77 347
19 73 346
20 480 455
21 129 292
22 337 257
23 237 254
24 131 220
25 417 417
26 287 143
27 379 80
28 87 285
29 374 489
30 440 247
31 38 15
32 30 4
33 36 78
34 9 9
35 59 46
36 37 8
37 18 71
38 33 42
39 0 24
40 34 48
41 73 50
42 56 11
43 59 66
44 50 35
45 12 45
46 42 76
47 38 40
48 42 65
49 4 53
50 61 56
51 63 44
52 77 11
53 2 47
54 9 76
55 26 15
56 36 73
57 70 20
58 27 14
59 72 56
60 58 72
61 62 47
62 23 12
63 26 52
64 4 5
65 25 47
66 68 22
67 13 10
68 79 14
69 25 45
70 0 72
71 78 44
72 6 26
73 58 11
74 44 21
75 77 53
76 20 8
77 62 62
78 60 73
79 52 45
80 16 55
81 76 71
82 79 65
83 43 36
84 71 77
85 47 29
86 25 69
87 17 58
88 29 64
89 62 56
90 49 39
91 67 56
92 35 2
93 29 58
94 38 27
95 51 10
96 13 58
97 10 29
98 48 8
99 64 75
100 78 70
101 50 74
102 57 57
103 3 35
104 22 26
105 6 60
106 40 52
107 50 29
108 35 33
109 38 78
110 29 0
111 73 69
112 28 50
113 28 17
114 17 33
115 5 52
116 60 74
117 30 23
118 29 66
119 72 34
120 0 3
121 11 47
122 8 23
123 4 49
124 1 68
125 24 60
126 45 3
127 45 52
128 14 63
129 48 44
130 50 54
131 19 63
132 68 58
133 55 37
134 68 53
135 26 41
136 31 2
137 46 68
138 76 54
139 6 32
140 3 13
141 45 13
142 45 41
143 69 57
144 72 22
145 20 55
146 72 78
147 51 26
148 48 65
149 50 9
150 22 78
151 34 45
152 42 15
153 13 40
154 79 31
155 57 14
156 5 12
157 12 22
158 42 61
159 70 50
160 68 47
161 55 42
162 71 4
163 62 11
164 4 4
165 4 41
166 32 79
167 8 26
168 79 32
169 70 45
170 76 70
171 62 2
172 77 41
173 16 70
174 17 11
175 58 77
176 42 35
177 1 48
178 77 77
179 74 14
180 49 33
181 29 2
182 69 53
183 6 70
184 62 25
185 65 40
186 1 34
187 35 19
188 66 59
189 46 39
190 38 21
191 48 60
192 21 41
193 7 57
194 70 45
195 79 14
196 0 36
197 74 67
198 37 72
199 18 24
200 57 57
201 1 22
202 46 74
203 27 9
204 41 55
205 23 68
206 72 61
207 20 75
208 75 59
209 72 18
210 39 64
211 76 50
212 72 55
213 3 66
214 29 74
215 38 10
216 77 1
217 54 11
218 12 51
219 78 55
220 60 34
221 11 17
222 61 4
223 39 14
224 50 44
225 45 65
226 75 15
227 57 55
228 20 73
229 42 44
230 25 27
231 26 78
232 16 53
233 45 4
234 43 16
235 7 69
236 2 77
237 26 32
238 10 10
239 33 49
240 10 77
241 14 60
242 38 61
243 24 1
244 37 56
245 5 53
246 27 47
247 18 21
248 74 66
249 11 51
250 70 59
251 41 10
252 3 66
253 9 41
254 69 3
255 55 38
256 13 5
257 2 19
258 9 32
259 3 74
260 74 64
261 15 46
262 72 77
263 5 25
264 55 51
265 50 66
266 57 26
267 13 61
268 28 7
269 58 70
270 3 13
271 33 27
272 3 9
273 35 5
274 65 69
275 10 15
276 34 77
277 61 10
278 74 66
279 31 11
280 4 7
281 70 13
282 29 52
283 48 31
284 29 5
285 34 57
286 61 15
287 69 2
288 72 18
289 10 25
290 67 66
291 27 19
292 42 21
293 2 50
294 41 3
295 60 79
296 64 27
297 26 28
298 35 46
299 49 14
300 69 56
301 13 68
302 1 51
303 12 20
304 27 0
305 35 63
306 54 43
307 45 1
308 48 79
309 17 46
310 66 63
311 26 28
312 76 17
313 16 12
314 39 20
315 44 5
316 30 36
317 62 57
318 18 1
319 634 692
320 650 710
321 546 591
322 400 465
323 285 334
324 334 396
325 373 420
326 774 843
327 462 532
328 688 753
329 245 309
330 272 332
331 1005 1060
332 505 557
333 468 536
334 485 568
335 566 614
336 284 368
337 186 264
338 319 384
339 853 904
340 492 567
341 936 989
342 909 973
343 842 909
344 496 529
345 582 631
346 564 633
347 450 520
348 1203 1259
349 777 847
350 810 848
351 340 409
352 245 318
353 383 413
354 497 554
355 666 722
356 846 917
357 252 325
358 407 466
359 955 1003
360 312 359
361 633 689
362 957 1010
363 217 268
364 307 379
365 270 345
366 334 403
367 733 794
368 1110 1164
369 380 458
370 555 609
371 697 750
372 301 355
373 711 768
374 401 445
375 1143 1209
376 1038 1123
377 971 1037
378 680 736
379 694 752
380 1105 1140
381 193 275
382 521 617
383 231 285
384 873 927
385 321 374
386 462 514
387 210 261
388 1345 1394
389 143 200
390 829 871
391 265 330
392 970 1015
393 996 1052
394 440 507
395 121 183
396 639 694
397 785 849
398 785 838
399 714 780
400 1033 1108
401 534 593
402 959 1018
403 279 345
404 381 430
405 373 422
406 775 836
407 271 336
408 404 457
409 935 986
410 856 906
411 442 494
412 166 240
413 832 893
414 646 718
415 756 812
416 217 280
417 1040 1085
418 363 417
419 859 935
420 526 577
421 622 678
422 459 522
423 775 837
424 748 798
425 458 506
426 285 344
427 678 719
428 829 880
429 668 720
430 875 926
431 853 906
432 1006 1067
433 476 543
434 951 1012
435 1037 1105
436 186 248
437 1252 1302
438 375 430
439 537 582
440 693 754
441 575 661
442 176 253
443 397 459
444 549 605
445 770 821
446 864 930
447 699 748
448 1322 1384
449 1012 1080
450 296 367
451 797 866
452 206 266
453 929 980
454 1088 1145
455 1062 1116
456 680 745
457 367 441
458 593 648
459 329 389
460 716 748
461 489 533
462 550 590
463 460 530
464 411 458
465 778 834
466 809 855
467 473 531
468 414 452
469 747 805
470 1257 1302
471 433 477
472 686 744
473 348 415
474 105 163
475 629 684
476 495 558
477 290 336
478 625 688
479 340 405
480 280 342
481 848 917
482 388 438
483 313 373
484 348 413
485 770 816
486 962 1027
487 405 464
488 213 265
489 53 90
490 582 629
491 667 725
492 597 644
493 327 402
494 853 906
495 561 634
496 522 585
497 391 450
498 487 536
499 443 492
500 679 742
501 1366 1425
502 397 453
503 431 492
504 950 1004
505 302 349
506 636 687
507 492 554
508 1048 1106
509 248 318
510 712 769
511 838 892
512 240 298
513 674 750
514 1053 1110
515 1131 1181
516 584 634
517 823 869
518 969 1012
519 914 969
520 731 788
521 50 62
522 6 77
523 70 50
524 74 31
525 39 54
526 22 54
527 39 63
528 17 59
529 36 32
530 73 12
531 10 30
532 43 75
533 25 7
534 75 68
535 2 9
536 66 11
537 45 38
538 24 4
539 74 72
540 57 52
541 31 77
542 56 39
543 26 9
544 77 21
545 14 17
546 60 75
547 40 52
548 27 10
549 54 31
550 2 40
551 42 17
552 0 35
553 40 6
554 65 19
555 0 18
556 6 66
557 57 19
558 5 34
559 56 57
560 15 59
561 76 41
562 34 1
563 40 54
564 11 53
565 3 34
566 68 33
567 7 4
568 8 38
569 53 7
570 66 62
571 4 25
572 30 40
573 35 37
574 8 29
575 1 35
576 71 62
577 19 58
578 25 39
579 4 46
580 22 23
581 10 71
582 36 52
583 64 22
584 21 30
585 33 74
586 69 35
587 2 8
588 15 19
589 65 71
590 2 45
591 64 33
592 42 22
593 52 7
594 65 64
595 15 51
596 66 37
597 46 8
598 36 70
599 37 37
600 15 3
601 49 45
602 8 59
603 14 27
604 38 51
605 49 60
606 22 39
607 54 40
608 61 23
609 43 19
610 35 64
611 8 18
612 63 45
613 66 77
614 77 75
615 44 7
616 59 45
617 59 36
618 12 79
619 71 64
620 32 17
621 23 49
622 19 63
623 1 38
624 58 54
625 33 55
626 29 18
627 62 58
628 56 2
629 19 29
630 46 7
631 18 65
632 60 64
633 23 62
634 17 23
635 67 59
636 26 45
637 55 7
638 4 69
639 50 69
640 7 69
641 3 76
642 18 60
643 32 32
644 20 40
645 14 4
646 29 57
647 37 73
648 13 57
649 69 10
650 77 60
651 73 3
652 22 65
653 21 4
654 11 1
655 62 27
656 59 4
657 6 63
658 29 8
659 32 52
660 34 16
661 35 59
662 7 40
663 67 79
664 50 22
665 10 1
666 27 38
667 43 2
668 4 1
669 40 21
670 35 77
671 63 22
672 44 15
673 63 7
674 67 19
675 34 34
676 8 72
677 11 72
678 0 13
679 67 24
680 67 72
681 71 69
682 67 20
683 67 49
684 78 48
685 52 52
686 44 14
687 78 7
688 59 41
689 23 18
690 40 74
691 45 79
692 34 33
693 50 72
694 5 44
695 12 57
696 10 0
697 43 1
698 42 3
699 12 67
700 63 24
701 31 35
702 1 49
703 64 18
704 32 39
705 40 26
706 8 51
707 12 15
708 4 73
709 66 12
710 69 40
711 10 9
712 17 71
713 36 55
714 31 49
715 57 40
716 60 66
717 44 43
718 47 2
719 79 5
720 65 10
721 12 28
722 20 17
723 45 38
724 7 41
725 15 38
726 22 0
727 71 29
728 33 70
729 60 43
730 72 73
731 37 45
732 2 11
733 31 66
734 36 55
735 51 52
736 61 0
737 24 55
738 7 41
739 71 77
740 56 61
741 27 20
742 53 11
743 37 1
744 60 16
745 67 61
746 14 70
747 7 16
748 29 13
749 27 45
750 12 62
751 2 0
752 25 42
753 50 70
754 51 1
755 55 70
756 60 21
757 40 9
758 48 55
759 6 32
760 41 64
761 7 37
762 45 42
763 14 46
764 62 79
765 4 3
766 42 48
767 6 56
768 9 15
769 62 36
770 24 29
771 61 14
772 11 40
773 1 27
774 27 40
775 39 28
776 16 12
777 44 35
778 68 72
779 70 77
780 16 58
781 45 46
782 36 46
783 5  0
784 37 63
785 73 57
786 10 57
787 49 30
788 62 8
789 32 59
790 0 74
791 36 5
792 72 9
793 71 16
794 74 39
795 28 12
796 58 66
797 25 78
798 37 45
799 11 7
800 6 60
801 59 25
802 67 42
803 66 14
804 22 46
805 74 4
806 65 13
807 35 29
808 5 63
809 40 14
810 41 47
811 35 11
812 76 33
813 10 52
814 47 20
815 22 64
816 4 22
817 74 67
818 72 47
819 61 27
820 30 30
821 34 56
822 19 14
823 17 57
824 50 63
825 62 11
826 6 20
827 51 45
828 71 73
829 12 9
830 0 22
831 9 36
832 15 0
833 71 79
834 64 2
835 42 48
836 68 32
837 20 60
838 63 62
839 75 32
840 52 42
841 33 32
842 29 67
843 37 46
844 13 43
845 43 40
846 51 43
847 25 63
848 45 33
849 26 73
850 74 0
851 7 10
852 50 20
853 46 44
854 16 52
855 75 28
856 2 37
857 5 39
858 55 6
859 18 39
860 43 39
861 64 24
862 9 44
863 61 34
864 6 47
865 67 14
866 73 8
867 10 0
868 62 44
869 52 41
870 63 20
871 42 4
872 10 11
873 53 8
874 60 36
875 55 28
876 61 65
877 74 16
878 48 2
879 23 3
880 7 24
881 4 46
882 57 60
883 55 9
884 22 20
885 5 0
886 21 2
887 37 43
888 16 18
889 52 1
890 23 38
891 41 76
892 60 64
893 26 30
894 54 56
895 8 21
896 2 32
897 0 53
898 69 30
899 22 8
900 64 38
901 70 12
902 17 58
903 5 65
904 68 2
905 5 37
906 16 18
907 34 18
908 66 71
909 65 76
910 53 3
911 70 75
912 77 59
913 74 7
914 66 58
915 76 9
916 21 15
917 11 21
918 6 15
919 75 77
920 0 14
921 74 54
922 65 79
923 6 45
924 69 19
925 47 78
926 15 23
927 39 52
928 48 56
929 25 35
930 24 34
931 4 76
932 14 6
933 74 66
934 77 65
935 2 45
936 11 46
937 6 36
938 68 26
939 27 73
940 50 13
941 69 7
942 47 50
943 26 12
944 51 31
945 65 18
946 53 46
947 6  3
948 68 11
949 8 8
950 23 42
951 69 69
952 28 7
953 35 75
954 3 24
955 62 63
956 68 43
957 47 11
958 2 12
959 60 29
960 22 19
961 69 29
962 71 75
963 69 29
964 51 34
965 58 55
966 34 32
967 48 51
968 9 56
969 28 33
970 25 45
971 2 78
972 77 22
973 52 62
974 75 53
975 36 67
976 65 74
977 56 64
978 76 30
979 58 10
980 16 70
981 55 56
982 29 46
983 6 47
984 14 33
985 19 10
986 71 72
987 50 12
988 58 79
989 62 78
990 64 33
991 37 60
992 64 11
993 6 28
994 77 55
995 1 17
996 58 53
997 3 28
998 60 69
999 76 70
1000 69 56
1001 53 30
1002 14 59
1003 61 12
1004 0 41
1005 60 35
1006 71 42
1007 70 36
1008 54 4
1009 59 53
1010 0 53
1011 63 66
1012 79 45
1013 68 7
1014 13 26
1015 76 8
1016 39 79
1017 49 44
1018 18 37
1019 37 45
1020 32 14
1021 12 59
1022 39 58
1023 33 58
1024 47 10
1025 45 23
1026 50 51
1027 44 31
1028 21 64
1029 71 8
1030 36 31
1031 53 44
1032 67 0
1033 51 9
1034 60 18
1035 17 32
1036 5 37
1037 28 6
1038 10 73
1039 69 62
1040 57 53
1041 50 31
1042 61 17
1043 56 24
1044 62 48
1045 69 6
1046 43 73
1047 49 44
1048 26 66
1049 19 23
1050 48 31
1051 32 42
1052 70 61
1053 68 67
1054 43 43
1055 0 49
1056 72 17
1057 25 20
1058 71 65
1059 20 16
1060 42 1
1061 33 7
1062 78 75
1063 60 51
1064 16 13
1065 11 36
1066 0 25
1067 48 79
1068 41 8
1069 4 26
1070 44 67
1071 4 71
1072 71 36
1073 72 12
1074 58 37
1075 77 42
1076 68 65
1077 67 15
1078 73 56
1079 4 70
1080 27 79
1081 36 64
1082 56 76
1083 57 39
1084 77 58
1085 39 26
1086 29 6
1087 61 74
1088 33 41
1089 0 34
1090 12 38
1091 40 39
1092 63 3
1093 57 44
1094 27 75
1095 60 64
1096 50 43
1097 57 42
1098 41 19
1099 58 79
1100 53 45
1101 28 5
1102 56 18
1103 62 28
1104 5 62
1105 31 28
1106 41 66
1107 24 43
1108 25 9
1109 13 6
1110 37 68
1111 8 68
1112 47 73
1113 14 78
1114 52 11
1115 6 32
1116 34 66
1117 52 1
1118 72 42
1119 6 49
1120 37 25
1121 22 75
1122 57 20
1123 27 37
1124 3 23
1125 29 49
1126 2 73
1127 19 10
1128 74 60
1129 76 68
1130 69 32
1131 55 9
1132 78 23
1133 4 74
1134 51 27
1135 43 70
1136 69 78
1137 78 34
1138 6 30
1139 75 41
1140 62 68
1141 34 54
1142 21 15
1143 65 41
1144 31 3
1145 9 55
1146 26 24
1147 69 69
1148 58 22
1149 28 22
1150 51 9
1151 29 36
1152 31 65
1153 77 73
1154 7 9
1155 78 11
1156 72 59
1157 27 0
1158 52 62
1159 74 8
1160 5 71
1161 56 17
1162 57 78
1163 4 57
1164 14 68
1165 50 25
1166 18 54
1167 50 47
1168 52 12
1169 71 34
1170 73 36
1171 50 9
1172 18 1
1173 6 12
1174 27 30
1175 57 38
1176 69 40
1177 78 34
1178 41 75
1179 41 30
1180 44 36
1181 75 59
1182 47 74
1183 68 49
1184 61 63
1185 63 7
1186 2 28
1187 22 4
1188 5 8
1189 49 16
1190 70 79
1191 62 58
1192 22 57
1193 52 10
1194 5 24
1195 55 47
1196 57 69
1197 64 7
1198 24 24
1199 51 26
1200 17 1
1201 69 8
1202 20 79
1203 66 19
1204 4 17
1205 51 61
1206 60 4
1207 49 27
1208 14 33
1209 22 3
1210 66 65
1211 27 60
1212 1 57
1213 11 52
1214 34 61
1215 16 27
1216 40 23
1217 53 2
1218 25 7
1219 14 66
1220 6 41
1221 78 33
1222 50 34
1223 44 62
1224 13 46
1225 45 12
1226 19 15
1227 22 46
1228 46 61
1229 32 53
1230 69 26
1231 4 63
1232 51 35
1233 1 30
1234 4 42
1235 16 21
1236 16 26
1237 0 21
1238 76 33
1239 43 48
1240 4 9
1241 40 47
1242 21 2
1243 70 72
1244 7 47
1245 55 4
1246 6 26
1247 47 74
1248 8 31
1249 60 63
1250 0 44
1251 38 24
1252 79 49
1253 66 36
1254 50 67
1255 53 11
1256 14 72
1257 51 72
1258 44 61
1259 3 26
1260 73 46
1261 57 49
1262 60 73
1263 59 16
1264 72 43
1265 52 38
1266 45 66
1267 47 37
1268 46 15
1269 76 32
1270 65 27
1271 3 67
1272 10 1
1273 14 33
1274 12 18
1275 9 23
1276 61 5
1277 50 12
1278 75 1
1279 27 9
1280 62 60
1281 38 2
1282 58 50
1283 12 49
1284 71 58
1285 4 12
1286 45 3
1287 33 2
1288 74 79
1289 44 65
1290 29 22
1291 18 73
1292 64 49
1293 64 62
1294 38 10
1295 2 74
1296 9 51
1297 40 32
1298 11 14
1299 48 67
1300 42 25
1301 60 14
1302 45 51
1303 61 67
1304 66 34
1305 13 43
1306 70 56
1307 44 51
1308 2 15
1309 72 14
1310 10 78
1311 19 75
1312 35 49
1313 51 31
1314 78 35
1315 64 77
1316 46 51
1317 48 51
1318 66 4
1319 22 20
1320 79 53
1321 65 21
1322 23 47
1323 47 27
1324 21 8
1325 13 18
1326 76 46
1327 31 39
1328 33 12
1329 56 8
1330 5 75
1331 63 69
1332 31 36
1333 53 38
1334 62 67
1335 65 15
1336 8 57
1337 34 77
1338 68 31
1339 70 53
1340 8 46
1341 52 77
1342 15 32
1343 38 40
1344 50 31
1345 3 67
1346 53 9
1347 46 56
1348 30 65
1349 51 74
1350 36 30
1351 13 27
1352 37 24
1353 73 35
1354 54 31
1355 61 17
1356 54 54
1357 70 43
1358 9 27
1359 30 4
1360 65 78
1361 28 6
1362 64 12
1363 30 78
1364 21 18
1365 51 43
1366 37 62
1367 51 28
1368 30 15
1369 26 50
1370 42 73
1371 56 42
1372 51 30
1373 10 76
1374 22 58
1375 7 18
1376 71 55
1377 40 13
1378 65 43
1379 41 46
1380 32 3
1381 8 48
1382 5 34
1383 67 66
1384 31 13
1385 36 3
1386 30 44
1387 66 50
1388 8 48
1389 31 26
1390 69 79
1391 51 58
1392 41 66
1393 49 77
1394 23 67
1395 43 3
1396 7 79
1397 18 10
1398 21 7
1399 4 34
1400 56 74
1401 71 26
1402 14 62
1403 51 44
1404 45 60
1405 50 22
1406 19 33
1407 6 59
1408 23 28
1409 44 19
1410 13 29
1411 69 39
1412 26 46
1413 3 75
1414 71 70
1415 28 44
1416 51 62
1417 0 56
1418 2 66
1419 56 39
1420 0 46
1421 11 9
1422 15 59
1423 17 9
1424 56 67
1425 38 7
1426 65 23
1427 16 46
1428 38 68
1429 63 65
1430 57 60
1431 46 78
1432 45 9
1433 25 46
1434 55 37
1435 37 12
1436 73 57
1437 44 14
1438 56 46
1439 37 26
1440 44 7
1441 63 40
1442 15 51
1443 74 15
1444 72 32
1445 41 48
1446 63 16
1447 23 66
1448 72 58
1449 21 37
1450 6 0
1451 44 76
1452 2 5
1453 46 21
1454 38 25
1455 69 32
1456 8 38
1457 78 5
1458 68 78
1459 17 3
1460 78 36
1461 4 70
1462 13 62
1463 10 19
1464 73 25
1465 30 12
1466 36 75
1467 50 46
1468 9 51
1469 33 72
1470 62 74
1471 27 57
1472 65 37
1473 27 73
1474 75 53
1475 11 74
1476 62 36
1477 0 61
1478 26 43
1479 58 70
1480 4 20
1481 42 39
1482 74 4
1483 76 27
1484 45 55
1485 39 1
1486 67 60
1487 26 38
1488 30 37
1489 56 51
1490 33 13
1491 44 26
1492 67 12
1493 13 4
1494 77 43
1495 25 10
1496 33 76
1497 30 75
1498 65 44
1499 75 31
1500 74 38
1501 4  1
1502 16 2
1503 35 24
1504 11 63
1505 52 50
1506 66 70
1507 48 23
1508 53 65
1509 76 3
1510 59 51
1511 53 67
1512 53 61
1513 42 51
1514 43 56
1515 4 36
1516 61 66
1517 5 75
1518 11 52
1519 9 59
1520 44 4
1521 68 51
1522 34 7
1523 3 22
1524 29 70
1525 3 43
1526 26 20
1527 51 16
1528 4 58
1529 13 11
1530 33 22
1531 45 40
1532 8 37
1533 11 25
1534 50 71
1535 46 58
1536 39 47
1537 35 51
1538 5 36
1539 21 70
1540 15 27
1541 65 69
1542 27 5
1543 32 25
1544 11 69
1545 19 74
1546 58 29
1547 27 5
1548 33 44
1549 30 14
1550 39 35
1551 71 27
1552 0 15
1553 40 60
1554 73 18
1555 51 47
1556 55 55
1557 33 60
1558 35 7
1559 70 42
1560 63 75
1561 19 26
1562 64 32
1563 22 65
1564 50 46
1565 47 44
1566 22 58
1567 10 32
1568 39 32
1569 8 6
1570 78 78
1571 40 65
1572 60 37
1573 35 71
1574 25 56
1575 0 56
1576 52 6
1577 40 75
1578 50 60
1579 23 23
1580 7 29
1581 58 2
1582 29 25
1583 54 5
1584 55 19
1585 49 51
1586 42 62
1587 0 10
1588 67 52
1589 49 79
1590 53 17
1591 73 20
1592 63 40
1593 53 43
1594 6 45
1595 65 0
1596 71 13
1597 78 26
1598 56 26
1599 25 65
1600 51 78
1601 57 38
1602 57 49
1603 63 76
1604 7 16
1605 50 24
1606 42 52
1607 68 53
1608 24 39
1609 26 17
1610 5 53
1611 20 6
1612 63 75
1613 55 45
1614 55 63
1615 57 48
1616 9 11
1617 14 57
1618 50 31
1619 60 50
1620 54 1
1621 71 59
1622 27 52
1623 53 53
1624 78 39
1625 52 73
1626 5 77
1627 49 50
1628 15 61
1629 58 21
1630 67 46
1631 6 38
1632 15 10
1633 53 70
1634 52 52
1635 44 56
1636 27 32
1637 37 29
1638 40 30
1639 36 62
1640 0 50
1641 46 18
1642 54 78
1643 54 10
1644 13 28
1645 34 9
1646 62 9
1647 30 79
1648 72 34
1649 31 3
1650 11 37
1651 45 15
1652 14 37
1653 73 47
1654 17 42
1655 45 35
1656 2 72
1657 48 43
1658 53 13
1659 62 15
1660 20 73
1661 55 34
1662 67 59
1663 59 8
1664 17 65
1665 19 65
1666 19 52
1667 29 13
1668 38 36
1669 29 17
1670 31 17
1671 32 74
1672 5 42
1673 78 52
1674 71 70
1675 22 74
1676 55 76
1677 32 2
1678 45 6
1679 75 58
1680 52 27
1681 4 68
1682 52 28
1683 36 42
1684 55 0
1685 37 28
1686 61 51
1687 56 22
1688 21 23
1689 20 44
1690 19 76
1691 35 50
1692 6 20
1693 16 67
1694 70 57
1695 44 73
1696 10 55
1697 45 27
1698 60 66
1699 73 8
1700 39 68
1701 47 75
1702 77 62
1703 71 36
1704 1 70
1705 46 42
1706 51 20
1707 78 1
1708 16 23
1709 12 38
1710 51 33
1711 48 46
1712 67 41
1713 64 41
1714 75 11
1715 4 74
1716 17 21
1717 66 62
1718 45 24
1719 56 76
1720 77 64
1721 69 77
1722 30 51
1723 51 17
1724 70 45
1725 23 28
1726 1 60
1727 22 21
1728 10 2
1729 63 12
1730 79 15
1731 3 38
1732 77 4
1733 23 70
1734 28 24
1735 20 53
1736 73 68
1737 14 51
1738 6 66
1739 53 15
1740 51 46
1741 31 46
1742 14 10
1743 8 46
1744 25 67
1745 7 36
1746 47 54
1747 48 31
1748 51 52
1749 77 26
1750 0 77
1751 43 8
1752 1 68
1753 45 71
1754 58 77
1755 71 40
1756 45 66
1757 5 38
1758 63 27
1759 19 52
1760 28 45
1761 26 75
1762 4 20
1763 35 12
1764 17 23
1765 41 70
1766 76 76
1767 70 72
1768 57 4
1769 39 78
1770 11 50
1771 68 11
1772 1 43
1773 61 77
1774 60 21
1775 8 62
1776 78 49
1777 38 17
1778 46 51
1779 74 77
1780 19 78
1781 9 62
1782 38 64
1783 36 5
1784 17 72
1785 42 67
1786 23 51
1787 42 8
1788 72 20
1789 71 28
1790 18 3
1791 54 27
1792 41 27
1793 28 70
1794 19 2
1795 8 60
1796 6 30
1797 72 56
1798 25 41
1799 51 23
1800 66 62
1801 56 36
1802 9 60
1803 53 8
1804 40 70
1805 66 51
1806 19 9
1807 70 11
1808 7 36
1809 28 63
1810 50 22
1811 4 6
1812 37 27
1813 38 78
1814 9 24
1815 33 47
1816 43 68
1817 10 79
1818 21 12
1819 52 12
1820 7 74
1821 2 36
1822 49 42
1823 6 29
1824 79 7
1825 60 2
1826 56 34
1827 10 3
1828 67 1
1829 57 61
1830 23 15
1831 54 14
1832 70 41
1833 45 29
1834 14 10
1835 18 21
1836 52 13
1837 79 67
1838 54 2
1839 10 64
1840 67 57
1841 19 46
1842 72 49
1843 61 41
1844 67 35
1845 49 40
1846 77 31
1847 6 27
1848 12 14
1849 28 30
1850 11 34
1851 10 33
1852 36 29
1853 12 36
1854 75 61
1855 8 12
1856 57 40
1857 14 26
1858 60 54
1859 76 67
1860 50 35
1861 79 6
1862 58 24
1863 16 26
1864 52 41
1865 24 55
1866 52 21
1867 21 54
1868 57 0
1869 76 49
1870 59 67
1871 1 7
1872 28 3
1873 47 54
1874 39 73
1875 19 19
1876 50 19
1877 74 22
1878 10 20
1879 54 75
1880 35 3
1881 1 19
1882 36 69
1883 34 25
1884 21 42
1885 68 47
1886 29 43
1887 57 1
1888 60 44
1889 40 54
1890 25 26
1891 57 37
1892 2 72
1893 69 10
1894 71 41
1895 5 53
1896 49 13
1897 4 29
1898 52 43
1899 45 44
1900 62 65
1901 32 49
1902 64 60
1903 31 32
1904 26 59
1905 36 44
1906 2 0
1907 25 55
1908 42 54
1909 34 61
1910 33 46
1911 79 57
1912 37 51
1913 44 5
1914 61 15
1915 60 9
1916 26 66
1917 43 3
1918 6 40
1919 24 69
1920 75 67
1921 37 5
1922 24 20
1923 63 61
1924 44 11
1925 41 44
1926 26 2
1927 58 21
1928 24 44
1929 53 57
1930 56 30
1931 1 26
1932 72 35
1933 49 28
1934 56 56
1935 1 38
1936 43 16
1937 66 36
1938 20 47
1939 4 61
1940 5 54
1941 25 29
1942 41 67
1943 8 79
1944 77 50
1945 28 40
1946 5 72
1947 61 29
1948 60 53
1949 18 35
1950 69 76
1951 25 66
1952 49 20
1953 46 66
1954 19 21
1955 10 63
1956 35 74
1957 54 39
1958 10 37
1959 53 58
1960 43 23
1961 64 36
1962 76 17
1963 47 76
1964 40 9
1965 17 2
1966 73 14
1967 66 78
1968 46 79
1969 11 44
1970 47 8
1971 32 61
1972 20 63
1973 59 42
1974 77 60
1975 63 46
1976 37 4
1977 22 41
1978 47 29
1979 68 2
1980 50 48
1981 6 22
1982 36 33
1983 14 32
1984 65 65
1985 71 61
1986 3 35
1987 12 61
1988 5 18
1989 26 72
1990 59 2
1991 0 30
1992 66 35
1993 67 8
1994 3 71
1995 16 54
1996 63 67
1997 32 78
1998 48 47
1999 35 34
2000 11 5
DEMAND_SECTION
1 1
2 21
3 9
4 23
5 5
6 3
7 29
8 3
9 12
10 10
11 10
12 10
13 20
14 30
15 10
16 40
17 40
18 20
19 20
20 10
21 10
22 20
23 20
24 10
25 10
26 40
27 10
28 10
29 20
30 10
31 10
32 20
33 30
34 40
35 20
36 10
37 10
38 20
39 30
40 20
41 10
42 10
43 20
44 10
45 10
46 10
47 30
48 10
49 10
50 10
51 10
52 10
53 10
54 20
55 40
56 10
57 30
58 40
59 30
60 10
61 20
62 10
63 20
64 50
65 10
66 10
67 10
68 10
69 10
70 10
71 30
72 20
73 10
74 10
75 50
76 20
77 10
78 10
79 20
80 10
81 10
82 30
83 20
84 10
85 20
86 30
87 10
88 20
89 30
90 10
91 10
92 10
93 20
94 40
95 10
96 30
97 10
98 30
99 20
100 10
101 20
102 1
103 5
104 1
105 1
106 19
107 1
108 7
109 13
110 37
111 1
112 11
113 2
114 5
115 30
116 9
117 19
118 23
119 27
120 42
121 19
122 31
123 6
124 22
125 1
126 9
127 12
128 15
129 20
130 2
131 12
132 12
133 26
134 16
135 32
136 6
137 7
138 10
139 12
140 21
141 7
142 21
143 7
144 13
145 11
146 19
147 9
148 10
149 22
150 7
151 4
152 1
153 15
154 28
155 1
156 25
157 2
158 20
159 28
160 18
161 5
162 2
163 11
164 11
165 10
166 20
167 7
168 21
169 25
170 25
171 13
172 5
173 18
174 19
175 12
176 6
177 20
178 10
179 27
180 28
181 19
182 24
183 15
184 17
185 32
186 20
187 5
188 16
189 31
190 19
191 8
192 3
193 12
194 4
195 16
196 23
197 23
198 26
199 9
200 11
201 10
202 1
203 1
204 19
205 24
206 2
207 2
208 22
209 18
210 14
211 19
212 15
213 21
214 12
215 16
216 12
217 8
218 21
219 24
220 19
221 18
222 15
223 15
224 15
225 14
226 21
227 7
228 23
229 23
230 7
231 26
232 23
233 26
234 15
235 13
236 2
237 14
238 27
239 13
240 8
241 32
242 61
243 23
244 17
245 10
246 14
247 6
248 18
249 1
250 1
251 21
252 15
253 5
254 28
255 26
256 4
257 26
258 22
259 17
260 5
261 13
262 27
263 18
264 14
265 17
266 32
267 3
268 17
269 16
270 25
271 10
272 16
273 6
274 24
275 27
276 16
277 13
278 37
279 32
280 8
281 1
282 26
283 416
284 10
285 1
286 10
287 11
288 24
289 16
290 7
291 2
292 5
293 1
294 22
295 6
296 14
297 4
298 6
299 6
300 21
301 1
302 15
303 19
304 2
305 12
306 1
307 17
308 25
309 5
310 1
311 23
312 20
313 15
314 3
315 14
316 17
317 23
318 14
319 29
320 21
321 8
322 8
323 8
324 14
325 21
326 11
327 15
328 23
329 11
330 21
331 14
332 14
333 1
334 15
335 11
336 8
337 21
338 11
339 9
340 17
341 18
342 4
343 4
344 10
345 5
346 21
347 14
348 13
349 2
350 27
351 12
352 25
353 1
354 12
355 19
356 4
357 15
358 22
359 1
360 14
361 17
362 9
363 9
364 16
365 6
366 21
367 18
368 24
369 11
370 18
371 9
372 7
373 4
374 17
375 9
376 8
377 9
378 16
379 5
380 8
381 10
382 7
383 32
384 19
385 15
386 16
387 32
388 5
389 20
390 10
391 17
392 12
393 20
394 20
395 9
396 15
397 21
398 17
399 10
400 14
401 8
402 3
403 31
404 29
405 7
406 25
407 20
408 13
409 22
410 34
411 19
412 25
413 17
414 20
415 6
416 15
417 19
418 5
419 5
420 7
421 2
422 19
423 29
424 33
425 8
426 12
427 21
428 4
429 12
430 1
431 27
432 25
433 1
434 34
435 15
436 24
437 18
438 23
439 26
440 14
441 26
442 23
443 19
444 29
445 9
446 12
447 24
448 7
449 17
450 13
451 12
452 14
453 8
454 3
455 28
456 15
457 18
458 16
459 11
460 25
461 14
462 22
463 17
464 20
465 13
466 17
467 12
468 5
469 22
470 5
471 29
472 1
473 1
474 13
475 37
476 20
477 9
478 23
479 12
480 15
481 19
482 4
483 9
484 16
485 20
486 28
487 26
488 2
489 14
490 24
491 12
492 6
493 9
494 34
495 15
496 25
497 21
498 6
499 24
500 5
501 15
502 34
503 26
504 15
505 17
506 25
507 15
508 28
509 10
510 10
511 24
512 17
513 18
514 33
515 14
516 8
517 28
518 28
519 5
520 20
521 16
522 15
523 4
524 1
525 23
526 15
527 36
528 16
529 10
530 10
531 10
532 10
533 10
534 10
535 30
536 20
537 30
538 20
539 20
540 10
541 20
542 10
543 10
544 20
545 20
546 20
547 10
548 10
549 10
550 20
551 20
552 10
553 10
554 20
555 10
556 10
557 20
558 10
559 10
560 20
561 20
562 10
563 20
564 20
565 30
566 20
567 20
568 20
569 10
570 10
571 20
572 20
573 10
574 10
575 20
576 10
577 10
578 10
579 10
580 30
581 20
582 30
583 10
584 10
585 10
586 30
587 10
588 10
589 30
590 30
591 20
592 10
593 10
594 10
595 20
596 10
597 10
598 30
599 20
600 30
601 30
602 20
603 20
604 30
605 20
606 10
607 20
608 10
609 30
610 10
611 20
612 10
613 30
614 30
615 10
616 20
617 10
618 20
619 30
620 20
621 20
622 10
623 10
624 40
625 20
626 30
627 10
628 20
629 20
630 40
631 20
632 20
633 20
634 10
635 10
636 10
637 20
638 10
639 10
640 30
641 20
642 20
643 20
644 10
645 30
646 20
647 20
648 10
649 20
650 10
651 20
652 20
653 30
654 10
655 30
656 20
657 40
658 10
659 30
660 20
661 20
662 40
663 10
664 10
665 10
666 10
667 20
668 10
669 10
670 10
671 20
672 10
673 20
674 30
675 20
676 10
677 30
678 20
679 10
680 10
681 30
682 10
683 30
684 20
685 10
686 10
687 30
688 20
689 10
690 10
691 20
692 10
693 10
694 10
695 10
696 10
697 30
698 20
699 20
700 10
701 10
702 10
703 20
704 20
705 30
706 20
707 10
708 10
709 20
710 40
711 30
712 20
713 10
714 20
715 30
716 40
717 20
718 20
719 20
720 30
721 10
722 30
723 20
724 20
725 20
726 10
727 30
728 20
729 20
730 20
731 20
732 40
733 10
734 10
735 20
736 10
737 30
738 20
739 20
740 40
741 10
742 10
743 20
744 10
745 10
746 10
747 10
748 20
749 20
750 10
751 20
752 20
753 10
754 20
755 30
756 10
757 10
758 10
759 30
760 20
761 10
762 20
763 10
764 10
765 20
766 10
767 20
768 10
769 20
770 10
771 30
772 20
773 10
774 30
775 20
776 30
777 30
778 20
779 30
780 10
781 20
782 30
783 10
784 20
785 40
786 10
787 10
788 20
789 20
790 10
791 20
792 20
793 20
794 10
795 20
796 20
797 20
798 10
799 20
800 20
801 10
802 20
803 20
804 10
805 20
806 20
807 20
808 30
809 20
810 20
811 10
812 20
813 20
814 20
815 40
816 20
817 30
818 10
819 10
820 10
821 30
822 10
823 10
824 20
825 30
826 10
827 20
828 30
829 10
830 10
831 20
832 10
833 20
834 20
835 10
836 10
837 20
838 10
839 10
840 10
841 20
842 10
843 30
844 10
845 10
846 10
847 20
848 10
849 20
850 10
851 10
852 10
853 10
854 20
855 20
856 20
857 20
858 10
859 20
860 40
861 20
862 20
863 10
864 20
865 20
866 20
867 20
868 20
869 20
870 10
871 30
872 20
873 30
874 10
875 10
876 20
877 10
878 20
879 20
880 10
881 30
882 30
883 10
884 20
885 20
886 10
887 10
888 20
889 10
890 20
891 10
892 10
893 30
894 10
895 20
896 20
897 10
898 30
899 20
900 20
901 20
902 10
903 20
904 30
905 10
906 20
907 10
908 10
909 20
910 10
911 10
912 20
913 10
914 10
915 10
916 30
917 30
918 20
919 10
920 10
921 30
922 30
923 20
924 20
925 10
926 20
927 20
928 10
929 30
930 10
931 30
932 30
933 10
934 10
935 30
936 20
937 10
938 10
939 10
940 40
941 30
942 10
943 40
944 10
945 20
946 20
947 20
948 20
949 20
950 10
951 10
952 20
953 10
954 20
955 10
956 20
957 30
958 10
959 30
960 20
961 20
962 30
963 20
964 20
965 10
966 20
967 10
968 20
969 10
970 10
971 20
972 10
973 20
974 30
975 10
976 20
977 20
978 30
979 10
980 20
981 10
982 40
983 20
984 10
985 20
986 40
987 20
988 30
989 10
990 10
991 20
992 20
993 30
994 30
995 10
996 30
997 30
998 30
999 10
1000 20
1001 20
1002 26
1003 26
1004 6
1005 22
1006 8
1007 3
1008 8
1009 17
1010 17
1011 8
1012 5
1013 13
1014 24
1015 21
1016 2
1017 26
1018 23
1019 12
1020 2
1021 15
1022 15
1023 8
1024 8
1025 1
1026 9
1027 24
1028 27
1029 1
1030 9
1031 28
1032 14
1033 25
1034 8
1035 30
1036 13
1037 14
1038 18
1039 2
1040 27
1041 16
1042 18
1043 11
1044 33
1045 18
1046 22
1047 30
1048 12
1049 6
1050 6
1051 27
1052 1
1053 10
1054 1
1055 23
1056 2
1057 2
1058 14
1059 15
1060 19
1061 20
1062 21
1063 2
1064 27
1065 1
1066 21
1067 33
1068 1
1069 29
1070 7
1071 23
1072 29
1073 5
1074 14
1075 15
1076 1
1077 30
1078 13
1079 12
1080 10
1081 6
1082 26
1083 36
1084 16
1085 25
1086 21
1087 25
1088 7
1089 5
1090 22
1091 18
1092 21
1093 22
1094 23
1095 15
1096 11
1097 24
1098 23
1099 11
1100 25
1101 21
1102 14
1103 19
1104 7
1105 12
1106 14
1107 4
1108 19
1109 12
1110 4
1111 13
1112 23
1113 7
1114 11
1115 11
1116 7
1117 16
1118 11
1119 13
1120 20
1121 17
1122 30
1123 17
1124 34
1125 24
1126 5
1127 13
1128 28
1129 18
1130 25
1131 13
1132 8
1133 19
1134 1
1135 15
1136 21
1137 4
1138 21
1139 17
1140 5
1141 36
1142 23
1143 34
1144 17
1145 24
1146 13
1147 19
1148 15
1149 8
1150 26
1151 5
1152 13
1153 17
1154 11
1155 27
1156 12
1157 7
1158 25
1159 33
1160 5
1161 8
1162 9
1163 26
1164 10
1165 18
1166 11
1167 33
1168 20
1169 12
1170 10
1171 35
1172 7
1173 13
1174 2
1175 27
1176 28
1177 30
1178 13
1179 9
1180 21
1181 20
1182 21
1183 17
1184 32
1185 14
1186 24
1187 6
1188 21
1189 29
1190 13
1191 20
1192 10
1193 5
1194 21
1195 11
1196 27
1197 12
1198 3
1199 24
1200 26
1201 6
1202 18
1203 5
1204 16
1205 12
1206 22
1207 19
1208 2
1209 7
1210 13
1211 9
1212 3
1213 23
1214 12
1215 13
1216 5
1217 12
1218 4
1219 17
1220 23
1221 18
1222 29
1223 19
1224 22
1225 19
1226 6
1227 20
1228 10
1229 11
1230 15
1231 23
1232 30
1233 21
1234 21
1235 7
1236 15
1237 22
1238 20
1239 9
1240 5
1241 20
1242 30
1243 12
1244 19
1245 13
1246 22
1247 2
1248 22
1249 10
1250 18
1251 9
1252 13
1253 1
1254 6
1255 23
1256 35
1257 8
1258 24
1259 25
1260 6
1261 1
1262 22
1263 20
1264 8
1265 8
1266 11
1267 22
1268 23
1269 23
1270 3
1271 15
1272 22
1273 8
1274 5
1275 22
1276 22
1277 16
1278 6
1279 10
1280 20
1281 21
1282 36
1283 5
1284 21
1285 1
1286 16
1287 7
1288 9
1289 10
1290 13
1291 7
1292 14
1293 12
1294 1
1295 29
1296 22
1297 13
1298 14
1299 1
1300 4
1301 19
1302 28
1303 5
1304 17
1305 23
1306 13
1307 24
1308 20
1309 42
1310 25
1311 11
1312 31
1313 18
1314 25
1315 8
1316 16
1317 11
1318 20
1319 25
1320 2
1321 11
1322 15
1323 17
1324 9
1325 2
1326 39
1327 14
1328 22
1329 19
1330 34
1331 15
1332 1
1333 7
1334 18
1335 23
1336 9
1337 12
1338 15
1339 23
1340 26
1341 22
1342 9
1343 27
1344 5
1345 14
1346 20
1347 39
1348 10
1349 9
1350 21
1351 21
1352 10
1353 22
1354 10
1355 7
1356 2
1357 18
1358 23
1359 21
1360 26
1361 13
1362 22
1363 30
1364 15
1365 17
1366 10
1367 1
1368 19
1369 4
1370 10
1371 27
1372 9
1373 14
1374 11
1375 10
1376 17
1377 3
1378 9
1379 22
1380 20
1381 13
1382 18
1383 1
1384 20
1385 29
1386 19
1387 2
1388 5
1389 26
1390 11
1391 24
1392 27
1393 14
1394 21
1395 5
1396 8
1397 14
1398 19
1399 22
1400 27
1401 20
1402 2
1403 25
1404 2
1405 19
1406 12
1407 26
1408 22
1409 29
1410 9
1411 16
1412 16
1413 3
1414 19
1415 1
1416 16
1417 13
1418 2
1419 10
1420 13
1421 19
1422 34
1423 1
1424 27
1425 19
1426 7
1427 22
1428 18
1429 12
1430 6
1431 19
1432 36
1433 14
1434 26
1435 18
1436 2
1437 23
1438 19
1439 23
1440 7
1441 19
1442 5
1443 23
1444 18
1445 2
1446 9
1447 23
1448 21
1449 34
1450 32
1451 30
1452 30
1453 27
1454 32
1455 7
1456 3
1457 17
1458 21
1459 29
1460 11
1461 22
1462 29
1463 31
1464 25
1465 26
1466 15
1467 12
1468 14
1469 10
1470 1
1471 8
1472 32
1473 13
1474 36
1475 2
1476 15
1477 18
1478 7
1479 11
1480 8
1481 18
1482 1
1483 20
1484 7
1485 21
1486 16
1487 5
1488 6
1489 1
1490 14
1491 14
1492 20
1493 26
1494 32
1495 19
1496 1
1497 21
1498 8
1499 10
1500 15
1501 7
1502 10
1503 29
1504 19
1505 21
1506 19
1507 26
1508 27
1509 8
1510 15
1511 1
1512 22
1513 14
1514 16
1515 30
1516 4
1517 33
1518 7
1519 16
1520 19
1521 16
1522 16
1523 3
1524 6
1525 10
1526 16
1527 1
1528 16
1529 1
1530 16
1531 10
1532 2
1533 25
1534 22
1535 8
1536 3
1537 16
1538 11
1539 30
1540 12
1541 18
1542 19
1543 6
1544 11
1545 25
1546 8
1547 31
1548 20
1549 21
1550 18
1551 28
1552 7
1553 7
1554 6
1555 13
1556 2
1557 2
1558 14
1559 18
1560 26
1561 6
1562 28
1563 12
1564 27
1565 10
1566 14
1567 1
1568 5
1569 9
1570 7
1571 9
1572 12
1573 7
1574 28
1575 24
1576 22
1577 1
1578 12
1579 28
1580 22
1581 13
1582 22
1583 5
1584 14
1585 20
1586 5
1587 12
1588 6
1589 4
1590 7
1591 15
1592 21
1593 11
1594 20
1595 1
1596 17
1597 2
1598 32
1599 42
1600 19
1601 24
1602 18
1603 27
1604 5
1605 20
1606 29
1607 1
1608 6
1609 27
1610 1
1611 28
1612 14
1613 36
1614 16
1615 18
1616 26
1617 14
1618 10
1619 2
1620 42
1621 36
1622 16
1623 9
1624 9
1625 1
1626 14
1627 19
1628 15
1629 524
1630 11
1631 17
1632 3
1633 23
1634 20
1635 6
1636 6
1637 7
1638 5
1639 21
1640 22
1641 10
1642 1
1643 22
1644 30
1645 11
1646 5
1647 1
1648 24
1649 16
1650 5
1651 3
1652 19
1653 19
1654 26
1655 10
1656 1
1657 11
1658 10
1659 29
1660 23
1661 16
1662 3
1663 5
1664 5
1665 3
1666 13
1667 8
1668 16
1669 21
1670 18
1671 1
1672 10
1673 31
1674 4
1675 13
1676 21
1677 19
1678 9
1679 15
1680 3
1681 25
1682 24
1683 22
1684 16
1685 16
1686 21
1687 18
1688 1
1689 20
1690 37
1691 20
1692 28
1693 24
1694 13
1695 6
1696 13
1697 20
1698 16
1699 22
1700 14
1701 2
1702 22
1703 9
1704 13
1705 14
1706 16
1707 15
1708 27
1709 15
1710 17
1711 26
1712 14
1713 14
1714 17
1715 12
1716 4
1717 21
1718 8
1719 3
1720 1
1721 19
1722 20
1723 1
1724 18
1725 9
1726 27
1727 13
1728 5
1729 10
1730 11
1731 25
1732 14
1733 5
1734 6
1735 2
1736 5
1737 15
1738 19
1739 9
1740 24
1741 4
1742 30
1743 32
1744 3
1745 23
1746 9
1747 11
1748 11
1749 24
1750 7
1751 10
1752 3
1753 17
1754 3
1755 20
1756 24
1757 28
1758 19
1759 14
1760 13
1761 7
1762 32
1763 1
1764 22
1765 16
1766 15
1767 19
1768 2
1769 5
1770 16
1771 16
1772 4
1773 24
1774 1
1775 1
1776 16
1777 19
1778 1
1779 32
1780 42
1781 42
1782 3
1783 24
1784 13
1785 2
1786 5
1787 21
1788 5
1789 21
1790 8
1791 18
1792 20
1793 11
1794 21
1795 10
1796 12
1797 9
1798 1
1799 9
1800 2
1801 12
1802 1
1803 29
1804 1
1805 23
1806 16
1807 17
1808 22
1809 11
1810 12
1811 7
1812 10
1813 6
1814 36
1815 11
1816 27
1817 9
1818 20
1819 10
1820 22
1821 14
1822 18
1823 25
1824 19
1825 24
1826 15
1827 24
1828 20
1829 34
1830 18
1831 9
1832 26
1833 34
1834 16
1835 21
1836 26
1837 13
1838 13
1839 12
1840 10
1841 2
1842 8
1843 17
1844 28
1845 27
1846 6
1847 30
1848 5
1849 6
1850 17
1851 20
1852 3
1853 4
1854 6
1855 3
1856 32
1857 16
1858 5
1859 11
1860 17
1861 16
1862 22
1863 26
1864 22
1865 12
1866 20
1867 3
1868 7
1869 23
1870 7
1871 1
1872 17
1873 15
1874 28
1875 4
1876 3
1877 10
1878 1
1879 16
1880 23
1881 5
1882 9
1883 22
1884 31
1885 34
1886 15
1887 28
1888 15
1889 6
1890 28
1891 28
1892 16
1893 21
1894 13
1895 23
1896 8
1897 17
1898 32
1899 28
1900 15
1901 7
1902 19
1903 21
1904 8
1905 10
1906 30
1907 14
1908 11
1909 25
1910 31
1911 16
1912 25
1913 27
1914 16
1915 14
1916 2
1917 15
1918 5
1919 23
1920 19
1921 15
1922 9
1923 9
1924 29
1925 10
1926 11
1927 28
1928 14
1929 12
1930 24
1931 10
1932 28
1933 14
1934 15
1935 7
1936 4
1937 13
1938 21
1939 20
1940 6
1941 26
1942 25
1943 27
1944 15
1945 30
1946 31
1947 20
1948 17
1949 2
1950 10
1951 12
1952 17
1953 17
1954 31
1955 27
1956 3
1957 28
1958 20
1959 23
1960 20
1961 29
1962 1
1963 4
1964 17
1965 38
1966 34
1967 8
1968 13
1969 1
1970 1
1971 12
1972 24
1973 38
1974 20
1975 42
1976 21
1977 11
1978 23
1979 22
1980 5
1981 21
1982 8
1983 26
1984 1
1985 22
1986 14
1987 2
1988 28
1989 19
1990 27
1991 1
1992 11
1993 1
1994 31
1995 27
1996 13
1997 14
1998 21
1999 14
2000 9
TIME_WINDOW_SECTION
1 0 1236
2 912 967
3 825 870
4 65 146
5 727 782
6 15 67
7 621 702
8 170 225
9 255 324
10 534 605
11 357 410
12 448 505
13 652 721
14 30 92
15 567 620
16 384 429
17 475 528
18 99 148
19 179 254
20 278 345
21 10 73
22 914 965
23 812 883
24 732 777
25 65 144
26 169 224
27 622 701
28 261 316
29 546 593
30 358 405
31 449 504
32 200 237
33 31 100
34 87 158
35 751 816
36 283 344
37 665 716
38 383 434
39 479 522
40 567 624
41 264 321
42 166 235
43 68 149
44 16 80
45 359 412
46 541 600
47 448 509
48 1054 1127
49 632 693
50 1001 1066
51 815 880
52 725 786
53 912 969
54 286 347
55 186 257
56 95 158
57 385 436
58 35 87
59 471 534
60 651 740
61 562 629
62 531 610
63 262 317
64 171 218
65 632 693
66 76 129
67 826 875
68 12 77
69 734 777
70 916 969
71 387 456
72 293 360
73 450 505
74 478 551
75 353 412
76 997 1068
77 203 260
78 574 643
79 109 170
80 668 731
81 769 820
82 47 124
83 369 420
84 265 338
85 458 523
86 555 612
87 173 238
88 85 144
89 645 708
90 737 802
91 20 84
92 836 889
93 368 441
94 475 518
95 285 336
96 196 239
97 95 156
98 561 622
99 30 84
100 743 820
101 647 726
102 909 955
103 492 554
104 409 465
105 490 545
106 810 872
107 208 266
108 395 462
109 270 334
110 167 233
111 1050 1121
112 412 478
113 536 593
114 833 894
115 763 811
116 250 280
117 148 215
118 633 688
119 670 717
120 571 615
121 428 495
122 455 519
123 198 260
124 971 1056
125 642 707
126 180 247
127 774 828
128 305 376
129 1027 1086
130 409 457
131 73 134
132 495 557
133 575 647
134 574 637
135 771 854
136 903 970
137 459 516
138 450 509
139 818 898
140 362 422
141 1050 1104
142 698 764
143 719 785
144 491 544
145 295 366
146 738 805
147 1156 1218
148 987 1046
149 220 279
150 372 440
151 777 834
152 357 419
153 441 501
154 981 1042
155 600 665
156 131 179
157 1316 1382
158 623 689
159 280 324
160 949 1028
161 935 992
162 1140 1188
163 596 637
164 638 699
165 271 327
166 925 1002
167 482 545
168 165 215
169 592 647
170 948 998
171 515 584
172 1063 1127
173 744 810
174 266 324
175 869 931
176 233 291
177 1084 1146
178 628 694
179 892 952
180 617 675
181 842 890
182 316 360
183 333 394
184 2 63
185 297 344
186 1162 1223
187 1002 1066
188 1028 1091
189 523 582
190 795 859
191 266 326
192 433 490
193 823 889
194 570 620
195 219 263
196 724 783
197 894 957
198 356 415
199 631 702
200 585 656
201 413 455
202 774 839
203 847 906
204 617 671
205 569 617
206 936 999
207 733 789
208 932 1005
209 220 284
210 420 496
211 469 546
212 215 274
213 205 269
214 494 555
215 545 599
216 716 792
217 702 774
218 1057 1099
219 203 263
220 423 490
221 883 953
222 1377 1416
223 526 586
224 862 917
225 223 278
226 1023 1063
227 406 462
228 682 732
229 306 365
230 686 738
231 845 914
232 142 182
233 1271 1326
234 1033 1073
235 1402 1472
236 588 649
237 1005 1057
238 993 1042
239 148 199
240 790 863
241 622 670
242 763 813
243 421 495
244 602 647
245 387 447
246 705 769
247 315 362
248 735 803
249 1100 1154
250 360 430
251 267 293
252 587 648
253 779 836
254 564 642
255 349 402
256 275 340
257 648 710
258 365 427
259 349 415
260 553 616
261 782 837
262 636 711
263 368 405
264 846 906
265 1092 1157
266 863 926
267 910 974
268 297 364
269 289 353
270 724 779
271 971 1032
272 625 699
273 304 367
274 886 924
275 746 816
276 789 843
277 761 804
278 566 634
279 146 192
280 576 616
281 1124 1181
282 865 928
283 376 430
284 1271 1333
285 1119 1191
286 193 270
287 669 717
288 303 370
289 664 732
290 467 525
291 1159 1223
292 306 377
293 745 814
294 230 289
295 204 256
296 735 811
297 774 834
298 1057 1120
299 461 537
300 237 308
301 367 438
302 289 356
303 929 993
304 310 374
305 753 831
306 281 320
307 135 193
308 677 736
309 335 399
310 220 279
311 1379 1434
312 723 787
313 398 473
314 297 346
315 643 698
316 822 861
317 357 416
318 449 498
319 634 692
320 650 710
321 546 591
322 400 465
323 285 334
324 334 396
325 373 420
326 774 843
327 462 532
328 688 753
329 245 309
330 272 332
331 1005 1060
332 505 557
333 468 536
334 485 568
335 566 614
336 284 368
337 186 264
338 319 384
339 853 904
340 492 567
341 936 989
342 909 973
343 842 909
344 496 529
345 582 631
346 564 633
347 450 520
348 1203 1259
349 777 847
350 810 848
351 340 409
352 245 318
353 383 413
354 497 554
355 666 722
356 846 917
357 252 325
358 407 466
359 955 1003
360 312 359
361 633 689
362 957 1010
363 217 268
364 307 379
365 270 345
366 334 403
367 733 794
368 1110 1164
369 380 458
370 555 609
371 697 750
372 301 355
373 711 768
374 401 445
375 1143 1209
376 1038 1123
377 971 1037
378 680 736
379 694 752
380 1105 1140
381 193 275
382 521 617
383 231 285
384 873 927
385 321 374
386 462 514
387 210 261
388 1345 1394
389 143 200
390 829 871
391 265 330
392 970 1015
393 996 1052
394 440 507
395 121 183
396 639 694
397 785 849
398 785 838
399 714 780
400 1033 1108
401 534 593
402 959 1018
403 279 345
404 381 430
405 373 422
406 775 836
407 271 336
408 404 457
409 935 986
410 856 906
411 442 494
412 166 240
413 832 893
414 646 718
415 756 812
416 217 280
417 1040 1085
418 363 417
419 859 935
420 526 577
421 622 678
422 459 522
423 775 837
424 748 798
425 458 506
426 285 344
427 678 719
428 829 880
429 668 720
430 875 926
431 853 906
432 1006 1067
433 476 543
434 951 1012
435 1037 1105
436 186 248
437 1252 1302
438 375 430
439 537 582
440 693 754
441 575 661
442 176 253
443 397 459
444 549 605
445 770 821
446 864 930
447 699 748
448 1322 1384
449 1012 1080
450 296 367
451 797 866
452 206 266
453 929 980
454 1088 1145
455 1062 1116
456 680 745
457 367 441
458 593 648
459 329 389
460 716 748
461 489 533
462 550 590
463 460 530
464 411 458
465 778 834
466 809 855
467 473 531
468 414 452
469 747 805
470 1257 1302
471 433 477
472 686 744
473 348 415
474 105 163
475 629 684
476 495 558
477 290 336
478 625 688
479 340 405
480 280 342
481 848 917
482 388 438
483 313 373
484 348 413
485 770 816
486 962 1027
487 405 464
488 213 265
489 53 90
490 582 629
491 667 725
492 597 644
493 327 402
494 853 906
495 561 634
496 522 585
497 391 450
498 487 536
499 443 492
500 679 742
501 1366 1425
502 397 453
503 431 492
504 950 1004
505 302 349
506 636 687
507 492 554
508 1048 1106
509 248 318
510 712 769
511 838 892
512 240 298
513 674 750
514 1053 1110
515 1131 1181
516 584 634
517 823 869
518 969 1012
519 914 969
520 731 788
521 320 364
522 526 582
523 954 1029
524 544 593
525 837 909
526 1175 1251
527 768 828
528 619 669
529 475 525
530 264 344
531 678 721
532 453 497
533 267 333
534 176 245
535 364 416
536 248 308
537 303 366
538 553 607
539 1152 1195
540 767 826
541 1050 1093
542 689 735
543 319 384
544 191 257
545 76 120
546 218 278
547 496 544
548 944 1006
549 873 923
550 1042 1090
551 1039 1094
552 505 571
553 1109 1162
554 318 373
555 934 987
556 752 818
557 682 747
558 448 508
559 926 1007
560 658 712
561 774 836
562 340 405
563 156 216
564 225 300
565 440 511
566 465 529
567 713 772
568 1041 1104
569 1135 1207
570 844 902
571 278 339
572 260 317
573 556 617
574 221 298
575 575 625
576 656 708
577 862 941
578 118 187
579 361 425
580 1057 1109
581 672 726
582 49 98
583 218 297
584 890 962
585 571 618
586 251 299
587 498 555
588 909 973
589 601 662
590 813 896
591 317 368
592 603 669
593 680 744
594 577 661
595 853 911
596 657 709
597 680 745
598 214 274
599 771 848
600 154 232
601 462 532
602 1190 1222
603 390 463
604 911 973
605 383 443
606 267 331
607 1098 1161
608 538 601
609 1136 1199
610 968 1026
611 659 711
612 198 256
613 227 293
614 421 471
615 1200 1275
616 39 114
617 230 324
618 853 931
619 537 608
620 595 669
621 392 450
622 317 353
623 704 775
624 150 212
625 678 753
626 381 429
627 585 652
628 374 427
629 884 939
630 344 400
631 818 876
632 309 373
633 649 693
634 257 329
635 586 659
636 646 702
637 897 948
638 1172 1221
639 75 140
640 596 641
641 316 373
642 990 1042
643 1282 1337
644 405 446
645 645 709
646 650 706
647 748 821
648 1348 1417
649 201 253
650 595 653
651 1209 1273
652 669 730
653 200 262
654 855 918
655 474 548
656 169 228
657 307 361
658 821 869
659 202 272
660 964 1025
661 126 175
662 758 832
663 1169 1232
664 157 217
665 397 444
666 827 884
667 1095 1157
668 105 167
669 1208 1274
670 856 901
671 662 723
672 498 559
673 899 950
674 883 929
675 988 1047
676 517 579
677 967 1022
678 649 715
679 444 510
680 298 341
681 878 959
682 320 387
683 407 462
684 475 557
685 945 1005
686 1013 1069
687 505 559
688 768 834
689 719 778
690 736 797
691 1015 1090
692 1121 1176
693 492 537
694 993 1049
695 244 301
696 967 1023
697 831 916
698 832 896
699 554 621
700 853 922
701 829 895
702 1154 1206
703 489 566
704 752 820
705 313 367
706 258 329
707 785 878
708 312 383
709 396 443
710 525 581
711 542 599
712 311 359
713 526 581
714 1059 1137
715 243 314
716 588 645
717 707 769
718 968 1024
719 372 439
720 475 521
721 679 737
722 476 544
723 313 369
724 498 549
725 1000 1056
726 140 194
727 190 259
728 572 631
729 824 877
730 559 622
731 777 832
732 959 1006
733 891 955
734 880 939
735 216 273
736 971 1026
737 280 345
738 680 743
739 462 511
740 753 826
741 546 636
742 1150 1223
743 469 541
744 490 564
745 660 726
746 110 173
747 1035 1083
748 1084 1143
749 690 734
750 776 837
751 1189 1243
752 790 847
753 633 684
754 1140 1210
755 739 801
756 217 276
757 661 729
758 809 874
759 158 210
760 583 645
761 213 272
762 489 562
763 1085 1141
764 730 780
765 239 301
766 1134 1191
767 399 441
768 447 513
769 725 781
770 810 878
771 736 797
772 401 462
773 403 455
774 728 787
775 252 301
776 334 396
777 493 547
778 359 406
779 311 369
780 470 531
781 206 268
782 571 627
783 556 613
784 227 280
785 289 365
786 234 290
787 653 718
788 349 413
789 380 435
790 254 307
791 1028 1091
792 1272 1339
793 274 338
794 801 855
795 697 759
796 667 724
797 334 394
798 360 446
799 430 477
800 763 819
801 128 174
802 292 344
803 944 1000
804 836 904
805 497 552
806 1220 1278
807 451 499
808 554 602
809 198 260
810 745 817
811 299 361
812 1057 1121
813 1112 1180
814 207 275
815 925 997
816 141 212
817 736 797
818 1074 1126
819 519 568
820 155 227
821 329 399
822 692 738
823 611 670
824 262 320
825 757 821
826 322 386
827 1188 1247
828 779 854
829 853 926
830 444 498
831 796 852
832 724 787
833 886 934
834 1055 1091
835 359 414
836 764 826
837 85 124
838 394 454
839 733 804
840 1035 1117
841 308 367
842 579 633
843 339 385
844 692 754
845 585 634
846 1297 1360
847 500 555
848 837 902
849 1251 1328
850 217 283
851 768 830
852 678 752
853 573 632
854 387 445
855 160 230
856 424 473
857 91 140
858 737 806
859 853 925
860 262 338
861 1191 1227
862 402 470
863 1332 1380
864 903 972
865 942 993
866 881 940
867 751 800
868 374 439
869 516 566
870 844 904
871 570 614
872 1079 1138
873 887 946
874 774 841
875 1300 1364
876 892 959
877 579 622
878 1058 1121
879 1313 1375
880 311 356
881 664 723
882 1121 1176
883 438 501
884 1063 1140
885 188 227
886 886 924
887 776 840
888 836 904
889 673 746
890 933 980
891 285 344
892 856 923
893 964 1007
894 818 877
895 810 857
896 944 996
897 296 352
898 753 817
899 616 676
900 380 428
901 549 614
902 364 433
903 132 203
904 986 1041
905 321 387
906 923 979
907 590 647
908 759 817
909 566 617
910 461 525
911 601 677
912 768 814
913 480 529
914 668 731
915 151 213
916 803 857
917 937 994
918 925 989
919 582 626
920 997 1058
921 579 652
922 739 807
923 221 262
924 776 834
925 63 126
926 663 746
927 291 352
928 618 678
929 423 465
930 1003 1079
931 568 640
932 202 275
933 422 470
934 108 177
935 591 637
936 668 736
937 662 730
938 246 306
939 420 484
940 883 948
941 257 324
942 150 211
943 788 840
944 401 462
945 875 919
946 454 521
947 1104 1168
948 510 570
949 415 482
950 262 327
951 656 705
952 424 490
953 509 568
954 678 750
955 277 334
956 469 508
957 667 734
958 281 351
959 537 598
960 481 545
961 235 306
962 815 877
963 311 376
964 133 185
965 389 440
966 464 530
967 557 601
968 532 600
969 48 112
970 395 464
971 462 534
972 789 851
973 597 647
974 426 487
975 685 743
976 952 1007
977 245 287
978 204 259
979 591 656
980 707 769
981 383 442
982 118 179
983 253 316
984 590 647
985 231 305
986 115 172
987 329 386
988 382 439
989 483 534
990 834 896
991 477 527
992 612 682
993 685 738
994 837 911
995 1231 1291
996 874 924
997 627 671
998 82 144
999 550 598
1000 227 266
1001 827 895
1002 882 900
1003 511 808
1004 834 855
1005 455 942
1006 505 761
1007 832 932
1008 442 930
1009 86 276
1010 850 969
1011 828 939
1012 536 745
1013 130 327
1014 868 966
1015 419 618
1016 635 771
1017 366 459
1018 851 977
1019 445 831
1020 813 950
1021 292 525
1022 337 685
1023 586 913
1024 378 647
1025 272 722
1026 851 877
1027 911 915
1028 529 777
1029 842 919
1030 910 961
1031 409 776
1032 220 884
1033 70 375
1034 918 934
1035 416 546
1036 671 974
1037 463 490
1038 526 705
1039 355 730
1040 772 947
1041 111 371
1042 530 583
1043 465 941
1044 816 942
1045 648 652
1046 320 952
1047 572 873
1048 395 419
1049 754 917
1050 120 424
1051 768 969
1052 653 934
1053 842 934
1054 222 617
1055 341 770
1056 816 923
1057 135 388
1058 450 561
1059 389 640
1060 881 934
1061 505 619
1062 105 446
1063 581 762
1064 249 705
1065 238 282
1066 659 842
1067 258 365
1068 530 651
1069 77 401
1070 844 955
1071 564 747
1072 169 592
1073 788 921
1074 271 415
1075 229 678
1076 433 559
1077 868 927
1078 344 391
1079 281 338
1080 47 281
1081 95 686
1082 640 940
1083 64 570
1084 95 227
1085 927 956
1086 227 583
1087 401 493
1088 584 949
1089 303 474
1090 280 608
1091 627 931
1092 608 923
1093 176 202
1094 204 802
1095 897 942
1096 211 443
1097 779 921
1098 450 537
1099 473 658
1100 159 759
1101 138 264
1102 861 938
1103 74 121
1104 689 885
1105 488 742
1106 726 873
1107 683 775
1108 342 566
1109 216 317
1110 538 632
1111 80 600
1112 308 323
1113 570 708
1114 628 646
1115 900 969
1116 843 959
1117 848 928
1118 188 321
1119 663 974
1120 413 516
1121 394 640
1122 733 881
1123 931 972
1124 94 596
1125 735 975
1126 38 272
1127 181 261
1128 911 928
1129 250 466
1130 831 917
1131 445 594
1132 585 602
1133 137 616
1134 893 916
1135 56 312
1136 98 129
1137 827 869
1138 662 805
1139 373 407
1140 809 821
1141 229 661
1142 132 306
1143 378 939
1144 526 679
1145 322 473
1146 553 714
1147 148 304
1148 333 336
1149 527 849
1150 721 936
1151 631 969
1152 239 373
1153 752 923
1154 810 927
1155 811 835
1156 865 932
1157 607 838
1158 488 571
1159 174 363
1160 930 966
1161 469 767
1162 385 459
1163 601 860
1164 331 430
1165 94 118
1166 290 409
1167 762 953
1168 202 422
1169 433 643
1170 365 735
1171 694 936
1172 931 941
1173 866 952
1174 863 967
1175 883 946
1176 616 798
1177 891 924
1178 287 650
1179 770 957
1180 151 254
1181 708 927
1182 493 864
1183 742 925
1184 936 941
1185 828 868
1186 651 834
1187 665 944
1188 758 947
1189 718 942
1190 547 847
1191 525 941
1192 17 225
1193 197 420
1194 756 961
1195 70 309
1196 272 861
1197 383 678
1198 715 735
1199 596 684
1200 158 333
1201 403 922
1202 641 959
1203 922 930
1204 828 955
1205 173 202
1206 376 379
1207 233 299
1208 260 536
1209 644 844
1210 803 936
1211 458 709
1212 401 645
1213 393 405
1214 265 704
1215 84 340
1216 640 952
1217 793 927
1218 642 781
1219 66  162
1220 186 284
1221 252 371
1222 193 602
1223 105 130
1224 903 986
1225 732 751
1226 514 643
1227 332 488
1228 886 905
1229 938 972
1230 644 769
1231 511 514
1232 56  500
1233 963 966
1234 445 531
1235 161 585
1236 800 907
1237 72 248
1238 192 704
1239 830 961
1240 413 425
1241 79 774
1242 68 175
1243 451 665
1244 385 657
1245 836 928
1246 660 712
1247 523 587
1248 567 836
1249 532 656
1250 757 974
1251 118 621
1252 462 926
1253 571 710
1254 774 950
1255 154 544
1256 168 326
1257 576 861
1258 301 849
1259 98 325
1260 661 699
1261 766 947
1262 417 569
1263 118 198
1264 184 521
1265 880 918
1266 178 260
1267 940 956
1268 744 943
1269 558 860
1270 779 934
1271 97 176
1272 916 941
1273 737 834
1274 148 469
1275 797 961
1276 861 926
1277 690 939
1278 99 401
1279 497 738
1280 886 891
1281 382 567
1282 379 694
1283 810 986
1284 367 579
1285 327 346
1286 498 673
1287 529 687
1288 209 429
1289 665 957
1290 64 223
1291 799 966
1292 378 810
1293 580 939
1294 647 944
1295 326 547
1296 657 676
1297 319 776
1298 206 304
1299 609 952
1300 94 607
1301 362 476
1302 941 960
1303 721 940
1304 411 523
1305 609 983
1306 370 475
1307 369 373
1308 777 916
1309 157 623
1310 662 692
1311 574 964
1312 787 969
1313 732 761
1314 101 363
1315 303 656
1316 794 958
1317 605 956
1318 74 271
1319 919 960
1320 537 849
1321 245 364
1322 955 981
1323 450 592
1324 637 671
1325 430 706
1326 718 928
1327 99 388
1328 722 884
1329 638 724
1330 719 901
1331 775 938
1332 575 630
1333 613 950
1334 135 274
1335 313 511
1336 799 980
1337 877 914
1338 204 363
1339 819 934
1340 123 132
1341 619 943
1342 927 973
1343 332 523
1344 673 900
1345 819 968
1346 725 934
1347 720 957
1348 391 884
1349 392 492
1350 788 961
1351 151 301
1352 72 324
1353 868 930
1354 884 946
1355 110 141
1356 225 645
1357 538 934
1358 786 967
1359 749 795
1360 896 932
1361 923 944
1362 861 927
1363 430 710
1364 691 950
1365 160 490
1366 57 206
1367 830 881
1368 848 952
1369 84 227
1370 810 952
1371 127 702
1372 531 604
1373 604 963
1374 543 978
1375 285 359
1376 314 614
1377 885 946
1378 560 605
1379 377 819
1380 316 641
1381 592 864
1382 216 321
1383 572 935
1384 533 604
1385 597 799
1386 139 261
1387 877 938
1388 633 738
1389 430 601
1390 571 664
1391 484 880
1392 683 742
1393 801 946
1394 742 969
1395 422 679
1396 798 817
1397 396 598
1398 302 370
1399 660 971
1400 335 349
1401 211 332
1402 484 593
1403 393 952
1404 74 170
1405 290 299
1406 451 909
1407 263 367
1408 268 338
1409 323 536
1410 714 969
1411 129 260
1412 613 679
1413 295 397
1414 168 220
1415 285 359
1416 215 448
1417 213 272
1418 111 221
1419 318 336
1420 463 719
1421 94 218
1422 231 581
1423 467 722
1424 883 944
1425 170 538
1426 333 543
1427 512 791
1428 38 471
1429 303 319
1430 751 869
1431 366 688
1432 149 243
1433 25 28
1434 114 263
1435 44 488
1436 734 931
1437 596 944
1438 191 361
1439 223 505
1440 294 924
1441 886 936
1442 377 634
1443 504 800
1444 325 597
1445 164 358
1446 574 930
1447 359 582
1448 235 261
1449 737 758
1450 746 886
1451 138 795
1452 602 943
1453 67 612
1454 216 546
1455 919 932
1456 762 976
1457 734 911
1458 836 928
1459 584 606
1460 746 925
1461 401 577
1462 93 802
1463 462 582
1464 718 805
1465 327 750
1466 149 167
1467 604 705
1468 600 983
1469 494 526
1470 307 337
1471 572 699
1472 796 936
1473 67 142
1474 329 634
1475 519 549
1476 455 610
1477 643 971
1478 356 571
1479 623 633
1480 99 158
1481 41 409
1482 785 794
1483 156 224
1484 223 380
1485 932 935
1486 798 936
1487 96 294
1488 30 212
1489 455 590
1490 641 949
1491 305 811
1492 326 362
1493 890 944
1494 499 780
1495 236 949
1496 467 548
1497 941 960
1498 899 939
1499 305 393
1500 66 280
1501 453 785
1502 819 942
1503 609 846
1504 341 902
1505 365 841
1506 112 160
1507 463 538
1508 739 836
1509 658 672
1510 846 944
1511 503 947
1512 787 950
1513 356 935
1514 59 352
1515 158 358
1516 307 499
1517 297 766
1518 966 985
1519 750 977
1520 616 850
1521 916 936
1522 601 625
1523 254 268
1524 884 964
1525 62 112
1526 428 476
1527 520 730
1528 280 459
1529 366 951
1530 896 957
1531 867 951
1532 973 976
1533 514 653
1534 749 949
1535 826 957
1536 866 965
1537 644 657
1538 278 446
1539 283 480
1540 252 418
1541 76 434
1542 371 785
1543 663 791
1544 79 488
1545 206 466
1546 200 380
1547 585 595
1548 434 594
1549 138 636
1550 581 676
1551 152 579
1552 923 952
1553 372 630
1554 563 785
1555 936 952
1556 372 626
1557 838 841
1558 398 623
1559 634 934
1560 354 697
1561 691 965
1562 421 936
1563 743 972
1564 793 953
1565 717 957
1566 779 885
1567 908 972
1568 860 910
1569 635 731
1570 446 544
1571 765 861
1572 398 626
1573 283 286
1574 436 529
1575 859 969
1576 760 910
1577 751 755
1578 115 443
1579 610 681
1580 329 916
1581 177 643
1582 148 282
1583 301 365
1584 388 404
1585 760 766
1586 79 296
1587 323 861
1588 383 557
1589 923 944
1590 454 748
1591 288 457
1592 788 919
1593 743 951
1594 252 345
1595 490 886
1596 108 254
1597 638 922
1598 707 765
1599 151 471
1600 869 943
1601 858 946
1602 900 947
1603 668 752
1604 100 223
1605 438 739
1606 849 963
1607 191 546
1608 182 425
1609 120 132
1610 159 208
1611 121 287
1612 242 811
1613 499 558
1614 385 519
1615 894 948
1616 940 951
1617 178 305
1618 582 617
1619 527 734
1620 74 625
1621 882 933
1622 618 701
1623 268 345
1624 902 925
1625 200 649
1626 189 944
1627 479 498
1628 656 947
1629 254 409
1630 589 684
1631 326 358
1632 731 789
1633 700 946
1634 881 952
1635 154 476
1636 616 849
1637 416 523
1638 716 795
1639 367 505
1640 38 519
1641 141 320
1642 291 329
1643 467 559
1644 23 40
1645 682 736
1646 103 471
1647 952 956
1648 307 625
1649 293 615
1650 55 63
1651 927 944
1652 500 573
1653 611 662
1654 650 982
1655 322 454
1656 467 589
1657 766 865
1658 765 919
1659 482 802
1660 276 619
1661 295 480
1662 338 542
1663 215 240
1664 950 973
1665 242 269
1666 914 985
1667 398 905
1668 894 963
1669 686 826
1670 69 270
1671 565 864
1672 504 521
1673 401 718
1674 878 928
1675 610 964
1676 811 941
1677 259 602
1678 99 264
1679 316 324
1680 290 479
1681 172 262
1682 787 846
1683 618 710
1684 555 802
1685 80 587
1686 583 617
1687 484 509
1688 409 594
1689 864 872
1690 896 963
1691 572 577
1692 36 107
1693 717 971
1694 532 934
1695 142 379
1696 376 470
1697 911 952
1698 204 242
1699 828 832
1700 119 267
1701 188 281
1702 82 417
1703 287 613
1704 584 709
1705 250 556
1706 476 610
1707 211 282
1708  43 83
1709 800 906
1710 403 609
1711 173 372
1712 265 451
1713 600 642
1714 330 625
1715 397 811
1716 82 353
1717 109 389
1718 241 556
1719 284 684
1720 379 639
1721 768 813
1722 124 497
1723 326 384
1724 143 307
1725 451 513
1726 293 755
1727 366 679
1728 135 384
1729 138 174
1730 141 426
1731 604 849
1732 833 911
1733 727 967
1734 725 961
1735 557 972
1736 640 658
1737 747 986
1738 457 588
1739 231 234
1740 93 238
1741 117 166
1742 935 950
1743 793 806
1744 252 775
1745 949 974
1746 193 372
1747 465 860
1748 921 952
1749 165 359
1750 573 611
1751 145 186
1752 716 757
1753 690 766
1754 225 603
1755 188 492
1756 708 955
1757 355 534
1758 166 221
1759 285 434
1760 224 261
1761 583 754
1762 294 909
1763 401 405
1764 629 831
1765 310 591
1766 428 530
1767 802 834
1768 797 927
1769 796 952
1770 864 915
1771 87 476
1772 331 449
1773 95 139
1774 234 787
1775 952 975
1776 497 674
1777 413 886
1778 319 779
1779 721 807
1780 118 579
1781 884 975
1782 313 629
1783 164 211
1784 861 967
1785 546 957
1786 488 736
1787 210 260
1788 174 200
1789 677 860
1790 716 941
1791 200 297
1792 409 517
1793 265 305
1794 533 838
1795 712 725
1796 775 921
1797 711 776
1798 532 667
1799 848 944
1800 262 936
1801 908 946
1802 408 644
1803 911 933
1804 99 141
1805 882 938
1806 710 741
1807 571 712
1808 68 236
1809 738 844
1810 886 944
1811 810 944
1812 811 958
1813 921 940
1814 304 568
1815 194 335
1816 584 676
1817 791 959
1818 764 952
1819 258 382
1820 736 964
1821 549 694
1822 663 746
1823 212 586
1824 638 913
1825 494 657
1826 647 849
1827 185 505
1828 107 911
1829 802 856
1830 359 807
1831 815 855
1832 529 730
1833 82 133
1834 273 300
1835 75 409
1836 484 936
1837 272 408
1838 137 366
1839 62 433
1840 393 550
1841 143 279
1842 453 810
1843 709 861
1844 643 721
1845 310 483
1846 555 717
1847 501 731
1848 275 753
1849 150 356
1850 908 974
1851 535 678
1852 246 441
1853 451 799
1854 274 331
1855 702 952
1856 112 224
1857 187 471
1858 197 401
1859 238 801
1860 445 813
1861 179 332
1862 75 258
1863 206 218
1864 874 951
1865 610 762
1866 508 732
1867 639 893
1868 764 925
1869 889 928
1870 421 728
1871 659 944
1872 417 791
1873 843 957
1874 433 459
1875 539 959
1876 154 426
1877 661 890
1878 231 455
1879 808 822
1880 746 939
1881 802 860
1882 384 387
1883 657 950
1884 138 617
1885 806 936
1886 332 374
1887 831 925
1888 544 906
1889 189 241
1890 288 777
1891 725 944
1892 553 918
1893 595 711
1894 746 932
1895 229 770
1896 288 447
1897 897 967
1898 363 498
1899 558 959
1900 599 694
1901 930 972
1902 353 739
1903 903 966
1904 365 382
1905 434 608
1906 694 939
1907 619 827
1908 322 425
1909 574 743
1910 151 368
1911 637 877
1912 434 522
1913 588 811
1914 106 411
1915 252 615
1916 158 408
1917 77 212
1918 351 749
1919 443 807
1920 200 206
1921 200 392
1922 209 601
1923 617 940
1924 322 339
1925 760 869
1926 537 594
1927 894 932
1928 753 978
1929 95 298
1930 934 944
1931 653 963
1932 455 806
1933 455 495
1934 44 299
1935 202 496
1936 465 579
1937 857 869
1938 107 262
1939 31 44
1940 61 472
1941 375 536
1942 96 633
1943 910 959
1944 756 927
1945 900 973
1946 663 869
1947 484 939
1948 233 317
1949 886 975
1950 118 377
1951 598 969
1952 744 944
1953 159 345
1954 654 875
1955 314 555
1956 788 958
1957 690 787
1958 503 976
1959 688 885
1960 351 951
1961 223 281
1962 260 290
1963 739 947
1964 619 753
1965 577 942
1966 451 547
1967 105 296
1968 703 946
1969 474 806
1970 536 849
1971 594 681
1972 581 592
1973 250 386
1974 441 537
1975 204 666
1976 223 225
1977 278 367
1978 718 951
1979 709 918
1980 265 838
1981 949 961
1982 495 663
1983 358 480
1984 748 931
1985 653 932
1986 815 942
1987 814 977
1988 834 957
1989 639 656
1990 121 733
1991 310 931
1992 758 923
1993 610 923
1994 105 204
1995 547 649
1996 871 938
1997 748 790
1998 656 956
1999 733 964
2000 802 944
DEPOT_SECTION
1
-1
EOF
