SenseTime_1

VEHICLE
NUMBER     CAPACITY
1000         1000

CUSTOMER
CUST NO.  XCOORD.   YCOORD.    DEMAND   READY TIME  DUE DATE   SERVICE   TIME
 
0      40         40          0          0       1000000000          0
1 34 32 18 447 687 10
2 31 61 11 627 715 10
3 34 33 15 795 813 10
4 13 0 22 126 322 10
5 22 38 12 529 671 10
6 2 7 16 285 303 10
7 19 35 4 852 968 10
8 85 34 8 530 816 10
9 52 54 16 471 844 10
10 55 52 21 209 332 10
11 46 40 26 478 532 10
12 51 48 28 294 500 10
13 22 26 39 450 725 10
14 12 45 18 400 465 10
15 38 13 27 827 963 10
16 26 15 14 66 347 10
17 10 57 17 930 955 10
18 38 46 2 936 983 10
19 33 51 19 329 523 10
20 40 30 3 358 368 10
21 65 36 27 258 877 10
22 44 50 6 463 893 10
23 54 34 7 75 302 10
24 33 57 23 591 658 10
25 23 28 3 458 494 10
26 36 55 4 607 973 10
27 50 57 17 896 969 10
28 21 42 32 338 971 10
29 19 41 7 800 969 10
30 58 62 10 842 960 10
31 60 56 14 784 903 10
32 30 66 21 500 662 10
33 40 63 24 167 497 10
34 38 64 26 861 965 10
35 11 3 14 705 853 10
36 5 10 13 344 542 10
37 53 35 12 902 976 10
38 39 37 12 334 376 10
39 38 10 23 252 448 10
40 40 71 15 462 570 10
41 13 23 11 476 722 10
42 69 27 42 928 958 10
43 38 33 20 836 983 10
44 38 4 10 840 953 10
45 33 35 4 399 540 10
46 39 59 33 722 969 10
47 64 46 29 437 672 10
48 36 17 13 204 537 10
49 42 54 15 331 370 10
50 0 49 5 254 348 10
51 56 30 29 723 969 10
52 0 31 16 344 649 10
53 50 44 3 328 526 10
54 14 56 29 521 706 10
55 48 52 7 409 428 10
56 21 26 13 755 849 10
57 10 13 13 512 593 10
58 44 48 10 404 523 10
59 12 63 11 278 607 10
60 63 8 16 450 552 10
61 34 66 10 767 963 10
62 20 27 19 540 577 10
63 23 46 23 515 722 10
64 74 51 1 195 564 10
65 12 18 34 769 902 10
66 31 70 22 165 180 10
67 56 14 7 641 797 10
68 23 43 29 270 330 10
69 42 63 17 138 196 10
70 43 62 3 669 967 10
71 39 30 18 388 629 10
72 47 54 1 344 762 10
73 10 70 32 713 947 10
74 48 31 16 769 963 10
75 13 33 32 46 173 10
76 0 52 24 633 947 10
77 11 4 17 197 780 10
78 65 50 18 919 961 10
79 30 64 29 70 233 10
80 50 44 8 958 977 10
81 15 8 26 625 848 10
82 44 63 22 289 831 10
83 28 64 31 220 642 10
84 64 46 35 908 964 10
85 3 52 13 749 951 10
86 49 52 7 335 539 10
87 40 46 24 775 806 10
88 36 14 8 281 716 10
89 32 31 6 182 787 10
90 38 32 4 679 691 10
91 48 32 27 125 216 10
92 65 56 20 718 923 10
93 29 67 5 868 960 10
94 62 57 29 93 683 10
95 39 63 18 408 610 10
96 10 53 20 840 957 10
97 30 49 6 639 836 10
98 24 42 6 835 974 10
99 23 27 18 104 505 10
100 26 58 4 789 827 10
101 43 48 14 109 192 10
102 36 38 3 457 919 10
103 38 63 17 779 853 10
104 51 43 37 730 915 10
105 50 17 16 374 703 10
106 28 32 21 516 892 10
107 31 33 9 271 413 10
108 42 44 8 536 942 10
109 22 42 8 651 971 10
110 36 44 7 358 450 10
111 72 50 7 923 955 10
112 36 15 10 407 604 10
113 56 42 12 642 973 10
114 45 44 11 613 755 10
115 58 51 17 518 940 10
116 36 33 19 901 982 10
117 58 22 12 476 695 10
118 46 41 10 498 538 10
119 30 51 14 608 975 10
120 41 27 25 857 960 10
121 21 24 9 609 683 10
122 37 41 16 607 678 10
123 7 50 2 676 955 10
124 -2 31 31 216 397 10
125 40 59 31 457 559 10
126 53 32 10 851 953 10
127 37 37 13 899 986 10
128 32 56 31 739 971 10
129 42 50 21 874 883 10
130 35 46 18 24 370 10
131 35 11 24 211 463 10
132 32 7 16 306 349 10
133 23 29 21 200 438 10
134 29 43 5 917 977 10
135 81 45 19 590 732 10
136 28 17 13 515 543 10
137 35 43 18 136 421 10
138 15 60 23 320 555 10
139 54 21 11 877 886 10
140 24 29 6 484 585 10
141 22 31 17 547 969 10
142 43 50 8 818 959 10
143 15 33 5 811 964 10
144 52 16 12 466 652 10
145 38 47 16 372 449 10
146 38 55 5 403 409 10
147 27 45 16 640 779 10
148 29 63 24 542 832 10
149 51 19 28 788 797 10
150 48 48 25 59 357 10
151 2 30 3 155 583 10
152 72 41 23 581 653 10
153 42 10 19 603 844 10
154 44 39 10 607 838 10
155 -2 30 6 375 565 10
156 27 31 16 434 505 10
157 47 59 3 400 698 10
158 34 55 9 691 898 10
159 37 40 1 620 761 10
160 51 43 13 449 915 10
161 54 10 17 542 639 10
162 42 67 9 734 961 10
163 33 15 30 903 965 10
164 49 45 12 247 556 10
165 18 28 10 789 965 10
166 38 44 21 434 588 10
167 3 51 15 418 614 10
168 21 26 16 187 611 10
169 54 51 15 876 972 10
170 47 64 11 892 964 10
171 52 18 38 638 965 10
172 17 55 11 555 766 10
173 23 77 18 103 382 10
174 41 70 18 894 959 10
175 37 75 11 721 935 10
176 60 23 18 715 919 10
177 27 42 20 302 480 10
178 12 64 18 114 385 10
179 41 59 15 65 227 10
180 40 37 9 832 986 10
181 34 66 20 384 498 10
182 62 63 11 349 357 10
183 44 10 25 830 960 10
184 41 45 29 817 984 10
185 32 32 11 745 805 10
186 33 16 16 423 678 10
187 53 20 10 500 779 10
188 54 46 25 558 699 10
189 55 50 2 41 69 10
190 25 41 8 459 756 10
191 48 40 21 131 981 10
192 46 44 1 781 981 10
193 37 43 17 182 659 10
194 39 46 11 306 640 10
195 15 36 5 336 819 10
196 40 45 12 365 441 10
197 -8 35 12 103 295 10
198 36 44 23 549 973 10
199 36 46 3 780 982 10
200 54 43 38 913 975 10
201 53 51 18 593 667 10
202 33 59 11 420 969 10
203 31 22 29 848 969 10
204 33 48 27 776 950 10
205 25 42 38 31 467 10
206 24 31 9 673 972 10
207 40 45 21 259 524 10
208 55 57 22 138 256 10
209 52 14 32 637 961 10
210 27 31 25 588 660 10
211 34 33 3 15 239 10
212 53 41 18 597 731 10
213 52 43 15 684 976 10
214 33 44 15 349 533 10
215 35 33 3 151 556 10
216 48 27 23 382 436 10
217 43 39 6 738 986 10
218 48 50 3 141 195 10
219 78 40 1 868 902 10
220 47 61 13 719 771 10
221 80 38 21 543 687 10
222 51 33 9 469 601 10
223 40 60 15 262 726 10
224 47 41 16 424 671 10
225 50 17 21 610 796 10
226 21 43 22 183 632 10
227 27 36 18 79 165 10
228 36 -12 14 666 780 10
229 64 35 7 623 823 10
230 51 16 13 543 549 10
231 52 43 9 148 700 10
232 28 28 11 198 471 10
233 49 45 31 271 503 10
234 45 42 27 69 508 10
235 10 11 30 946 949 10
236 52 45 22 474 493 10
237 31 35 6 290 355 10
238 27 41 7 54 186 10
239 11 13 2 822 950 10
240 56 50 38 401 651 10
241 23 24 27 673 731 10
242 34 10 32 256 278 10
243 60 59 13 476 961 10
244 26 30 33 88 367 10
245 23 46 3 681 695 10
246 68 47 16 626 846 10
247 -2 30 12 360 891 10
248 36 41 26 711 763 10
249 24 45 20 672 896 10
250 63 62 12 53 333 10
251 35 21 1 532 658 10
252 54 30 7 605 969 10
253 3 56 5 924 950 10
254 -2 30 17 469 922 10
255 36 41 14 40 63 10
256 38 35 12 547 985 10
257 30 66 16 490 772 10
258 33 33 28 785 980 10
259 43 35 10 657 764 10
260 40 43 33 27 549 10
261 10 72 7 59 214 10
262 39 33 8 137 257 10
263 59 47 19 865 968 10
264 34 75 8 328 484 10
265 39 35 17 512 548 10
266 40 45 16 104 493 10
267 28 27 5 136 724 10
268 36 8 8 254 697 10
269 62 58 12 617 777 10
270 34 32 19 822 980 10
271 50 28 21 438 864 10
272 34 33 15 139 389 10
273 59 35 1 897 969 10
274 12 63 12 874 953 10
275 51 43 24 446 535 10
276 55 56 5 610 711 10
277 15 7 26 332 802 10
278 42 50 1 175 407 10
279 11 3 17 563 844 10
280 51 57 11 542 647 10
281 86 13 17 151 717 10
282 49 53 23 30 103 10
283 38 34 1 723 774 10
284 38 75 6 358 434 10
285 53 49 22 597 720 10
286 51 44 1 896 913 10
287 8 4 1 170 193 10
288 30 51 19 926 975 10
289 2 60 5 49 139 10
290 30 33 9 148 327 10
291 39 46 6 882 933 10
292 18 39 9 552 959 10
293 43 38 9 552 775 10
294 16 40 19 598 638 10
295 32 68 29 779 960 10
296 50 38 19 757 978 10
297 35 35 14 280 373 10
298 53 8 24 826 955 10
299 35 40 16 443 558 10
300 53 44 23 525 975 10
301 32 47 2 856 859 10
302 51 31 16 650 888 10
303 55 46 27 957 973 10
304 7 9 26 741 944 10
305 52 52 17 182 309 10
306 60 35 8 98 594 10
307 39 45 12 553 609 10
308 67 36 7 210 221 10
309 23 32 6 111 130 10
310 25 48 26 101 442 10
311 44 42 10 454 747 10
312 65 51 1 121 615 10
313 41 37 16 274 348 10
314 49 32 3 56 117 10
315 22 24 12 775 844 10
316 64 34 2 865 964 10
317 49 16 18 388 570 10
318 37 37 3 220 306 10
319 37 6 30 795 956 10
320 55 51 10 65 682 10
321 32 38 18 182 528 10
322 3 51 20 330 849 10
323 58 41 20 580 727 10
324 13 23 23 488 808 10
325 12 9 21 901 948 10
326 74 49 5 807 953 10
327 9 4 15 610 724 10
328 37 70 9 258 408 10
329 37 52 21 256 259 10
330 65 39 7 501 690 10
331 41 44 21 677 975 10
332 20 14 17 441 957 10
333 80 33 19 106 617 10
334 30 41 13 499 569 10
335 62 63 14 419 789 10
336 36 33 16 967 982 10
337 37 37 25 254 591 10
338 39 62 3 193 198 10
339 39 54 31 156 524 10
340 52 47 7 474 753 10
341 5 51 28 355 681 10
342 44 61 1 132 562 10
343 27 30 9 877 974 10
344 6 21 15 724 771 10
345 44 53 4 780 975 10
346 9 13 14 740 758 10
347 77 51 1 221 312 10
348 43 36 26 408 447 10
349 41 46 15 436 983 10
350 53 42 20 600 617 10
351 52 43 16 650 838 10
352 52 16 7 490 770 10
353 35 67 12 827 961 10
354 37 10 22 905 960 10
355 15 28 11 247 596 10
356 27 41 7 437 877 10
357 34 41 13 651 665 10
358 54 40 21 480 528 10
359 51 55 20 91 131 10
360 36 41 11 449 823 10
361 23 44 16 675 972 10
362 47 35 9 809 981 10
363 21 44 15 610 711 10
364 60 34 12 853 885 10
365 46 58 12 465 484 10
366 48 43 14 551 693 10
367 37 10 27 285 597 10
368 21 36 18 383 396 10
369 6 9 1 318 729 10
370 44 50 17 906 977 10
371 37 8 13 446 463 10
372 73 28 20 242 450 10
373 51 28 12 724 858 10
374 47 53 1 512 784 10
375 72 50 17 610 818 10
376 42 10 20 583 686 10
377 39 33 14 701 917 10
378 26 75 31 661 842 10
379 39 52 1 652 977 10
380 37 10 20 520 590 10
381 77 36 16 442 951 10
382 59 20 14 924 961 10
383 30 60 38 28 45 10
384 6 10 5 155 359 10
385 12 9 28 793 810 10
386 21 44 17 544 971 10
387 9 50 25 745 801 10
388 62 63 37 68 503 10
389 54 55 2 661 866 10
390 20 46 7 767 856 10
391 25 43 11 421 537 10
392 31 34 19 794 916 10
393 29 44 37 663 740 10
394 41 48 25 770 981 10
395 38 27 6 66 497 10
396 42 45 4 808 983 10
397 32 18 26 501 967 10
398 48 51 9 494 531 10
399 33 39 14 960 983 10
400 37 33 16 693 749 10
401 79 22 30 911 946 10
402 79 36 25 326 569 10
403 8 3 14 848 941 10
404 49 35 20 327 517 10
405 43 32 16 748 981 10
406 39 46 5 393 589 10
407 18 37 21 196 877 10
408 13 37 34 136 504 10
409 64 45 2 45 390 10
410 40 41 11 951 988 10
411 44 15 22 440 768 10
412 53 44 35 709 888 10
413 20 61 5 795 892 10
414 46 43 13 608 799 10
415 62 16 18 170 535 10
416 76 33 13 314 711 10
417 38 69 6 683 908 10
418 37 5 10 438 445 10
419 46 59 1 120 480 10
420 63 8 35 589 639 10
421 7 68 17 519 614 10
422 36 46 10 827 911 10
423 37 69 10 822 960 10
424 51 44 17 463 556 10
425 42 72 23 78 270 10
426 22 27 12 138 579 10
427 38 15 13 960 965 10
428 41 41 17 360 811 10
429 81 45 15 366 389 10
430 22 39 42 635 767 10
431 34 12 24 401 961 10
432 50 45 23 160 374 10
433 39 46 17 930 983 10
434 42 7 15 233 387 10
435 55 52 20 902 969 10
436 37 25 13 505 662 10
437 42 56 21 743 827 10
438 73 53 1 285 666 10
439 28 35 24 312 549 10
440 47 53 10 761 808 10
441 50 21 11 563 568 10
442 78 38 22 583 673 10
443 26 27 28 479 770 10
444 61 23 17 557 721 10
445 49 56 13 836 936 10
446 45 50 23 678 977 10
447 44 50 15 942 977 10
448 52 7 30 948 955 10
449 37 4 20 680 953 10
450 34 31 17 26 400 10
451 43 45 16 212 379 10
452 38 68 27 61 283 10
453 64 33 14 345 617 10
454 14 3 4 514 554 10
455 62 32 8 746 781 10
456 43 44 10 823 925 10
457 34 76 29 740 908 10
458 29 67 26 263 530 10
459 37 54 1 138 187 10
460 22 69 20 445 711 10
461 53 56 25 667 969 10
462 40 30 2 526 629 10
463 20 11 11 108 501 10
464 23 58 1 127 130 10
465 55 45 19 698 973 10
466 33 42 2 774 982 10
467 47 39 26 372 386 10
468 52 17 27 242 459 10
469 40 42 2 195 437 10
470 17 39 21 235 303 10
471 37 68 17 900 961 10
472 33 32 19 860 980 10
473 35 57 15 777 871 10
474 54 41 16 501 607 10
475 51 18 9 601 965 10
476 65 46 26 221 484 10
477 20 53 10 455 814 10
478 27 31 32 873 974 10
479 26 55 35 371 469 10
480 38 14 26 369 964 10
481 51 55 32 44 265 10
482 51 17 23 303 323 10
483 43 63 9 894 966 10
484 12 65 13 512 813 10
485 66 36 17 604 963 10
486 48 40 15 891 981 10
487 63 52 28 934 963 10
488 27 23 15 952 968 10
489 66 48 20 67 366 10
490 13 37 14 525 659 10
491 58 31 14 770 969 10
492 13 17 1 944 955 10
493 36 41 26 475 986 10
494 16 50 7 311 433 10
495 52 43 1 75 709 10
496 25 31 4 229 247 10
497 51 56 18 130 296 10
498 2 9 1 50 335 10
499 -2 30 10 413 706 10
500 27 56 13 551 969 10
501 39 18 23 176 459 10
502 38 62 15 551 637 10
503 7 29 13 89 298 10
504 36 20 24 586 656 10
505 75 50 11 363 952 10
506 64 45 32 876 924 10
507 27 65 3 121 233 10
508 59 31 14 352 465 10
509 38 32 8 361 493 10
510 35 33 20 500 827 10
511 31 45 6 819 978 10
512 67 55 34 361 433 10
513 29 44 7 629 977 10
514 51 32 30 245 673 10
515 62 12 8 150 581 10
516 20 8 4 39 136 10
517 45 44 13 677 874 10
518 40 69 24 793 960 10
519 54 51 6 74 81 10
520 53 16 14 902 963 10
521 60 60 16 324 474 10
522 5 5 18 705 791 10
523 72 50 10 132 522 10
524 49 42 26 241 518 10
525 13 37 17 231 234 10
526 62 55 29 922 961 10
527 65 47 13 50 120 10
528 33 57 11 373 443 10
529 38 51 4 344 952 10
530 40 42 27 419 470 10
531 26 34 24 56 246 10
532 30 33 22 547 977 10
533 22 6 5 638 741 10
534 0 34 2 525 822 10
535 70 18 24 646 840 10
536 37 38 3 454 524 10
537 37 35 3 753 984 10
538 50 20 7 157 557 10
539 29 26 14 497 574 10
540 11 9 42 933 948 10
541 50 40 9 761 978 10
542 40 18 18 784 968 10
543 61 47 5 480 846 10
544 22 45 19 423 748 10
545 26 53 22 265 289 10
546 13 17 31 882 953 10
547 61 39 30 379 531 10
548 63 40 7 894 966 10
549 55 46 5 147 297 10
550 34 36 38 495 517 10
551 6 9 1 308 336 10
552 29 33 20 372 504 10
553 34 31 18 356 371 10
554 28 23 28 152 536 10
555 41 55 13 189 479 10
556 65 49 22 225 235 10
557 11 9 15 566 773 10
558 46 40 6 960 983 10
559 57 46 15 461 641 10
560 52 41 22 210 321 10
561 39 52 18 505 528 10
562 53 46 10 528 688 10
563 45 43 21 413 674 10
564 21 38 20 287 355 10
565 21 45 1 102 159 10
566 41 60 23 718 886 10
567 29 46 12 770 977 10
568 42 49 32 682 863 10
569 20 27 11 458 534 10
570 3 52 12 420 423 10
571 27 41 14 358 754 10
572 53 16 1 693 790 10
573 56 29 25 459 752 10
574 71 50 26 621 670 10
575 53 50 9 743 972 10
576 36 33 15 78 437 10
577 65 39 18 588 964 10
578 29 15 24 908 961 10
579 70 7 3 803 944 10
580 39 41 32 405 422 10
581 23 46 27 34 430 10
582 60 56 15 198 474 10
583 51 43 19 258 329 10
584 38 36 21 644 985 10
585 11 10 19 241 270 10
586 21 47 1 356 376 10
587 27 58 6 379 636 10
588 74 51 33 950 952 10
589 37 55 34 971 973 10
590 48 21 1 346 371 10
591 34 33 11 173 528 10
592 49 16 15 242 463 10
593 27 66 3 747 960 10
594 26 48 4 348 395 10
595 22 47 17 320 349 10
596 38 32 20 263 462 10
597 23 49 31 372 697 10
598 27 46 22 926 973 10
599 43 45 7 363 494 10
600 36 41 1 659 952 10
601 45 63 3 860 965 10
602 31 64 30 512 618 10
603 26 31 15 256 262 10
604 40 43 27 775 866 10
605 47 57 27 919 969 10
606 34 47 29 272 552 10
607 33 68 17 768 960 10
608 50 24 13 584 832 10
609 50 39 10 630 869 10
610 46 43 13 64 743 10
611 59 55 1 547 965 10
612 11 7 5 797 930 10
613 22 27 13 721 968 10
614 38 43 1 488 918 10
615 12 10 13 558 899 10
616 52 59 5 163 191 10
617 26 27 1 685 748 10
618 35 32 6 958 981 10
619 10 3 1 505 746 10
620 22 52 21 865 968 10
621 12 69 26 537 884 10
622 26 56 27 602 656 10
623 60 34 19 494 497 10
624 42 38 23 888 965 10
625 59 63 14 690 959 10
626 3 35 14 660 952 10
627 40 50 3 39 166 10
628 26 31 24 559 960 10
629 31 34 19 377 723 10
630 57 38 20 764 781 10
631 38 67 14 446 573 10
632 61 53 16 80 85 10
633 43 47 22 254 428 10
634 25 24 5 84 364 10
635 27 32 17 726 975 10
636 41 28 23 588 726 10
637 27 69 4 785 958 10
638 34 34 13 871 982 10
639 38 32 15 790 838 10
640 76 34 19 52 138 10
641 36 33 20 568 843 10
642 43 38 17 542 606 10
643 35 4 15 572 898 10
644 34 48 12 523 689 10
645 58 53 26 428 967 10
646 44 40 8 81 84 10
647 0 10 25 886 939 10
648 15 32 5 869 964 10
649 64 55 29 200 519 10
650 78 40 11 102 702 10
651 55 51 6 527 969 10
652 46 64 26 889 965 10
653 39 63 19 28 227 10
654 51 17 14 678 861 10
655 21 42 29 328 465 10
656 62 57 9 956 961 10
657 5 21 8 335 559 10
658 41 46 11 656 983 10
659 43 36 22 748 919 10
660 32 23 10 813 972 10
661 48 48 12 462 600 10
662 34 48 25 408 926 10
663 9 12 22 617 948 10
664 46 31 11 678 899 10
665 49 59 16 802 968 10
666 38 62 39 187 497 10
667 40 22 20 578 972 10
668 57 46 9 89 377 10
669 58 52 15 827 968 10
670 65 47 15 779 963 10
671 47 43 14 324 593 10
672 26 75 2 71 384 10
673 54 50 32 960 971 10
674 52 57 22 42 531 10
675 34 38 19 28 271 10
676 34 12 7 902 961 10
677 46 51 10 34 374 10
678 39 52 4 208 546 10
679 51 40 15 347 409 10
680 60 35 9 713 787 10
681 16 1 17 726 844 10
682 43 32 1 505 882 10
683 36 15 10 830 915 10
684 56 26 1 261 528 10
685 36 22 10 240 343 10
686 52 43 2 373 476 10
687 41 48 33 819 955 10
688 36 38 10 212 294 10
689 50 21 8 719 950 10
690 37 25 24 654 712 10
691 37 52 15 605 876 10
692 67 48 5 417 476 10
693 51 45 18 770 977 10
694 41 48 6 306 557 10
695 42 19 17 844 968 10
696 35 69 15 59 672 10
697 46 51 25 314 426 10
698 60 24 13 865 964 10
699 43 31 23 755 910 10
700 27 42 23 175 448 10
701 27 41 3 546 977 10
702 37 55 21 146 295 10
703 29 50 1 118 189 10
704 42 48 14 579 634 10
705 28 13 14 952 961 10
706 42 48 18 889 892 10
707 43 31 14 797 980 10
708 51 55 32 931 966 10
709 43 44 13 331 383 10
710 64 27 19 654 802 10
711 38 31 11 430 468 10
712 35 44 40 217 496 10
713 43 32 16 614 957 10
714 12 51 28 646 819 10
715 27 42 9 873 976 10
716 6 51 18 856 953 10
717 43 45 5 33 225 10
718 30 60 9 818 880 10
719 44 63 21 519 595 10
720 24 44 15 222 636 10
721 60 49 7 208 315 10
722 31 74 22 848 953 10
723 44 63 2 911 940 10
724 62 46 21 422 858 10
725 42 48 8 418 624 10
726 42 45 17 53 123 10
727 31 34 26 465 877 10
728 15 58 35 797 959 10
729 51 56 18 94 166 10
730 45 63 19 459 560 10
731 5 43 13 620 880 10
732 35 60 2 628 635 10
733 31 51 4 825 975 10
734 75 29 8 828 952 10
735 38 16 12 33 49 10
736 69 31 13 147 214 10
737 32 44 11 170 246 10
738 46 41 5 516 739 10
739 47 42 2 659 668 10
740 53 45 25 217 407 10
741 42 64 17 276 649 10
742 63 47 25 877 964 10
743 21 41 18 565 569 10
744 52 14 15 644 961 10
745 39 14 22 459 964 10
746 26 55 5 42 425 10
747 75 37 37 947 953 10
748 72 41 17 655 957 10
749 44 62 23 796 966 10
750 37 44 19 212 656 10
751 47 59 2 515 777 10
752 26 26 28 701 787 10
753 43 7 3 892 956 10
754 36 24 6 908 974 10
755 51 49 10 665 975 10
756 37 42 16 577 659 10
757 19 53 3 404 898 10
758 17 55 22 299 685 10
759 41 46 26 724 983 10
760 63 40 25 271 274 10
761 23 45 27 374 527 10
762 43 43 23 447 594 10
763 51 48 2 214 312 10
764 5 6 36 436 590 10
765 67 38 11 127 281 10
766 22 55 28 637 712 10
767 48 43 12 284 306 10
768 37 23 1 359 699 10
769 25 42 12 440 569 10
770 46 41 19 709 856 10
771 36 23 8 852 906 10
772 37 10 22 133 155 10
773 37 25 9 846 975 10
774 59 45 24 122 390 10
775 39 40 5 15 472 10
776 16 54 11 927 961 10
777 43 69 4 218 244 10
778 34 26 24 846 975 10
779 48 60 16 779 967 10
780 28 43 8 445 542 10
781 20 47 34 553 640 10
782 61 60 13 710 822 10
783 78 35 24 148 286 10
784 34 39 2 338 374 10
785 36 17 4 832 967 10
786 33 42 12 811 983 10
787 39 22 22 817 972 10
788 27 25 4 429 442 10
789 37 58 4 382 578 10
790 51 43 14 187 490 10
791 43 61 6 369 634 10
792 30 51 27 295 507 10
793 34 33 11 617 773 10
794 46 46 20 599 980 10
795 38 72 9 532 638 10
796 71 40 18 310 704 10
797 12 63 3 767 802 10
798 53 57 15 817 967 10
799 34 51 31 806 976 10
800 38 35 1 550 733 10
801 65 50 3 198 553 10
802 22 27 31 670 889 10
803 62 49 16 672 965 10
804 36 45 21 210 440 10
805 51 43 42 363 550 10
806 28 14 2 644 942 10
807 45 62 10 552 577 10
808 51 43 10 291 738 10
809 8 31 7 672 957 10
810 38 63 7 960 965 10
811 50 55 11 186 396 10
812 38 52 15 580 977 10
813 33 66 1 888 942 10
814 36 43 7 492 985 10
815 53 42 25 906 976 10
816 59 43 6 944 948 10
817 52 17 20 386 611 10
818 47 44 16 52 390 10
819 63 39 8 595 833 10
820 43 38 10 623 626 10
821 49 50 18 412 711 10
822 9 71 26 602 946 10
823 37 59 15 897 922 10
824 28 24 3 412 438 10
825 30 41 21 712 720 10
826 43 50 4 827 873 10
827 47 42 4 551 646 10
828 40 16 4 843 966 10
829 41 44 20 204 537 10
830 39 46 16 724 781 10
831 58 48 5 79 459 10
832 21 47 24 906 969 10
833 36 24 23 625 974 10
834 42 10 13 655 687 10
835 34 32 15 595 980 10
836 66 32 18 442 947 10
837 37 44 19 888 892 10
838 63 39 28 204 278 10
839 50 38 2 676 786 10
840 37 49 21 231 421 10
841 53 42 21 67 290 10
842 34 10 6 231 250 10
843 49 44 26 687 936 10
844 39 59 36 713 969 10
845 57 44 18 357 487 10
846 39 52 19 136 280 10
847 64 44 22 151 252 10
848 34 32 17 891 980 10
849 27 69 4 775 958 10
850 45 64 5 178 312 10
851 50 56 10 374 803 10
852 33 32 11 125 450 10
853 50 56 7 405 533 10
854 56 27 3 611 826 10
855 25 46 23 31 238 10
856 54 61 11 617 706 10
857 62 13 8 170 363 10
858 -7 27 24 629 803 10
859 37 70 10 553 959 10
860 24 31 3 200 385 10
861 37 68 15 571 844 10
862 10 11 14 513 606 10
863 62 25 9 575 656 10
864 53 42 27 136 187 10
865 45 43 13 563 797 10
866 55 61 21 715 800 10
867 32 21 16 325 451 10
868 53 42 23 523 579 10
869 43 59 13 359 949 10
870 32 32 28 153 668 10
871 27 41 13 396 919 10
872 35 39 30 574 631 10
873 54 55 3 874 968 10
874 8 29 14 204 641 10
875 52 16 18 518 750 10
876 43 51 12 257 386 10
877 34 45 11 872 982 10
878 18 27 2 357 626 10
879 29 38 12 648 772 10
880 60 19 1 141 404 10
881 48 27 18 671 794 10
882 69 50 20 120 170 10
883 62 13 1 694 955 10
884 35 32 10 466 917 10
885 76 45 7 193 413 10
886 7 28 1 269 565 10
887 35 47 36 78 202 10
888 53 54 19 144 494 10
889 40 36 9 249 341 10
890 28 34 24 488 923 10
891 49 49 2 652 706 10
892 56 45 15 295 308 10
893 38 44 18 771 985 10
894 62 54 13 169 679 10
895 53 17 1 143 267 10
896 44 9 20 604 680 10
897 15 19 26 470 641 10
898 8 4 14 745 849 10
899 0 8 37 459 910 10
900 27 26 5 197 503 10
901 19 63 39 40 189 10
902 61 37 4 768 968 10
903 38 38 24 967 986 10
904 32 18 19 666 967 10
905 32 35 9 323 376 10
906 37 42 1 544 986 10
907 37 38 24 50 95 10
908 21 37 2 727 971 10
909 6 2 15 277 429 10
910 20 14 17 802 957 10
911 38 63 7 332 344 10
912 42 28 11 889 931 10
913 60 46 1 627 942 10
914 18 33 1 732 835 10
915 40 45 20 643 741 10
916 74 38 10 908 955 10
917 34 38 25 736 884 10
918 23 28 16 692 697 10
919 51 17 25 702 729 10
920 53 56 10 76 140 10
921 40 60 25 533 969 10
922 2 10 29 738 898 10
923 43 45 21 748 760 10
924 52 54 18 582 859 10
925 57 29 17 163 476 10
926 54 9 5 608 888 10
927 27 42 13 503 717 10
928 65 45 12 139 467 10
929 58 25 7 823 842 10
930 -2 31 15 204 550 10
931 10 12 15 900 949 10
932 39 45 21 75 283 10
933 30 35 18 399 622 10
934 52 43 21 346 606 10
935 9 13 1 91 174 10
936 35 54 31 261 413 10
937 6 9 5 659 694 10
938 55 39 4 137 671 10
939 29 66 7 599 811 10
940 38 37 20 985 986 10
941 7 8 1 473 718 10
942 53 41 1 376 529 10
943 32 32 8 911 978 10
944 35 34 2 593 619 10
945 52 50 26 409 917 10
946 52 60 17 638 965 10
947 14 56 12 685 959 10
948 25 47 16 204 491 10
949 80 31 1 447 793 10
950 65 35 41 783 925 10
951 20 28 15 174 233 10
952 0 53 23 470 708 10
953 50 32 27 244 655 10
954 84 11 8 728 930 10
955 33 72 30 170 640 10
956 39 44 29 161 338 10
957 34 67 17 244 298 10
958 41 60 19 286 317 10
959 30 30 21 315 373 10
960 52 43 9 383 607 10
961 12 9 13 146 361 10
962 14 60 11 107 463 10
963 2 61 3 695 946 10
964 0 30 29 350 509 10
965 32 44 4 160 215 10
966 12 4 35 635 758 10
967 28 79 21 466 567 10
968 65 51 16 252 383 10
969 26 53 15 775 971 10
970 57 24 1 775 913 10
971 75 49 16 390 531 10
972 25 33 42 498 823 10
973 42 24 20 780 917 10
974 61 60 15 56 190 10
975 43 38 10 398 909 10
976 59 33 12 188 213 10
977 18 54 16 378 522 10
978 29 49 3 86 172 10
979 -2 30 4 260 946 10
980 50 2 15 841 950 10
981 33 41 8 209 553 10
982 62 13 40 198 451 10
983 28 26 3 323 647 10
984 40 47 16 289 714 10
985 40 52 21 345 803 10
986 76 44 18 127 444 10
987 32 76 19 171 270 10
988 44 59 24 855 863 10
989 72 50 14 449 759 10
990 60 60 12 651 868 10
991 37 39 23 796 986 10
992 36 44 7 28 50 10
993 53 56 23 119 451 10
994 28 27 6 455 534 10
995 8 12 21 227 421 10
996 31 34 11 556 576 10
997 22 46 14 246 320 10
998 48 64 12 739 964 10
999 51 49 17 658 755 10
1000 37 41 7 278 686 10
1001 4 22 18 706 802 10
1002 37 47 21 582 856 10
1003 50 36 23 434 612 10
1004 44 49 11 664 886 10
1005 36 54 13 292 324 10
1006 55 51 17 852 969 10
1007 26 44 20 188 344 10
1008 13 35 3 529 563 10
1009 11 7 8 924 946 10
1010 39 23 12 885 943 10
1011 47 43 1 625 691 10
1012 29 66 14 169 172 10
1013 44 62 5 326 357 10
1014 31 34 23 890 978 10
1015 35 58 15 412 458 10
1016 19 56 11 905 949 10
1017 30 30 13 112 162 10
1018 54 54 20 800 961 10
1019 51 14 14 749 961 10
1020 42 42 7 952 986 10
1021 37 15 26 206 312 10
1022 32 7 12 316 332 10
1023 54 50 34 833 888 10
1024 21 29 2 568 614 10
1025 28 63 21 922 963 10
1026 38 43 7 190 457 10
1027 48 31 8 795 977 10
1028 43 46 17 969 982 10
1029 59 48 17 195 248 10
1030 42 60 10 964 969 10
1031 48 36 6 950 980 10
1032 43 49 15 902 980 10
1033 42 58 14 198 403 10
1034 12 10 13 244 331 10
1035 21 27 19 708 968 10
1036 60 26 1 559 665 10
1037 41 53 18 894 976 10
1038 25 42 22 319 357 10
1039 38 36 7 919 986 10
1040 53 56 28 760 968 10
1041 71 18 11 754 951 10
1042 64 39 19 122 132 10
1043 44 62 21 409 744 10
1044 29 26 11 165 302 10
1045 66 47 4 73 257 10
1046 19 4 3 735 747 10
1047 26 75 19 759 952 10
1048 20 27 13 67 137 10
1049 55 39 1 407 434 10
1050 16 41 5 200 535 10
1051 61 17 1 956 958 10
1052 71 26 21 790 955 10
1053 9 72 21 610 712 10
1054 43 32 11 572 741 10
1055 52 43 15 162 227 10
1056 12 33 36 575 961 10
1057 28 48 1 335 716 10
1058 53 42 20 149 325 10
1059 5 40 12 75 438 10
1060 23 52 3 892 969 10
1061 17 64 29 222 453 10
1062 78 45 2 256 488 10
1063 32 16 2 88 434 10
1064 68 31 18 527 629 10
1065 30 66 3 730 961 10
1066 22 52 4 645 772 10
1067 18 21 22 782 961 10
1068 47 19 12 500 967 10
1069 25 24 22 102 401 10
1070 26 31 10 902 974 10
1071 66 47 5 806 961 10
1072 30 7 15 81 463 10
1073 62 48 6 852 964 10
1074 26 30 11 825 973 10
1075 55 51 15 60 327 10
1076 38 63 18 941 966 10
1077 13 38 7 871 963 10
1078 43 31 29 222 293 10
1079 44 46 23 868 982 10
1080 81 45 12 816 947 10
1081 60 45 2 70 376 10
1082 17 66 11 217 509 10
1083 28 27 21 668 722 10
1084 55 52 8 659 916 10
1085 41 49 37 771 897 10
1086 5 3 14 638 781 10
1087 46 30 18 833 977 10
1088 53 39 4 347 519 10
1089 48 51 31 476 707 10
1090 56 29 15 690 969 10
1091 6 9 20 401 521 10
1092 41 53 13 598 827 10
1093 8 29 14 514 908 10
1094 55 45 2 438 671 10
1095 77 37 27 611 952 10
1096 34 33 14 387 511 10
1097 52 17 2 229 314 10
1098 51 18 7 328 744 10
1099 50 29 14 320 566 10
1100 40 18 23 886 968 10
1101 27 36 18 246 451 10
1102 30 50 1 65 451 10
1103 37 55 18 166 252 10
1104 57 39 10 221 565 10
1105 34 39 27 704 728 10
1106 53 40 15 664 976 10
1107 47 62 22 472 966 10
1108 3 51 23 333 658 10
1109 31 30 9 683 774 10
1110 25 51 14 514 743 10
1111 44 58 22 496 540 10
1112 32 31 3 163 167 10
1113 41 51 19 864 947 10
1114 21 28 3 185 591 10
1115 22 45 8 225 519 10
1116 42 32 29 335 534 10
1117 54 32 7 498 946 10
1118 58 24 23 254 498 10
1119 38 68 23 676 961 10
1120 46 29 1 235 428 10
1121 50 46 12 501 977 10
1122 52 15 2 944 961 10
1123 44 39 15 886 985 10
1124 34 11 19 465 721 10
1125 53 54 9 187 421 10
1126 35 39 12 977 985 10
1127 74 47 16 370 953 10
1128 19 54 5 278 374 10
1129 89 13 19 808 933 10
1130 81 32 34 252 476 10
1131 39 60 5 647 776 10
1132 47 70 7 518 591 10
1133 13 38 28 776 963 10
1134 39 52 13 451 830 10
1135 19 46 11 102 179 10
1136 40 59 6 894 969 10
1137 53 42 37 861 886 10
1138 20 27 6 751 881 10
1139 25 33 26 971 974 10
1140 74 33 15 75 157 10
1141 28 27 15 871 972 10
1142 24 48 26 401 451 10
1143 32 17 27 572 809 10
1144 23 56 28 118 242 10
1145 41 33 6 155 199 10
1146 51 44 15 308 444 10
1147 46 49 4 466 562 10
1148 36 66 19 44 182 10
1149 9 8 1 277 542 10
1150 48 32 5 308 508 10
1151 32 57 22 246 416 10
1152 59 23 19 56 281 10
1153 51 52 22 511 525 10
1154 42 38 22 487 666 10
1155 36 32 10 889 981 10
1156 7 4 23 830 942 10
1157 4 6 14 847 934 10
1158 61 24 23 539 637 10
1159 49 20 20 667 925 10
1160 47 38 3 743 982 10
1161 28 17 10 419 851 10
1162 54 29 8 183 199 10
1163 43 13 15 272 930 10
1164 45 45 30 404 668 10
1165 63 26 22 167 374 10
1166 26 53 22 341 558 10
1167 40 59 17 780 940 10
1168 9 8 13 881 944 10
1169 36 40 18 443 682 10
1170 34 34 19 650 743 10
1171 58 44 14 547 968 10
1172 51 17 21 176 244 10
1173 49 34 24 806 975 10
1174 47 36 13 691 719 10
1175 15 39 21 134 165 10
1176 44 39 11 898 985 10
1177 21 26 7 736 967 10
1178 21 9 24 164 352 10
1179 52 48 4 824 868 10
1180 21 45 16 393 574 10
1181 43 46 9 434 550 10
1182 46 59 19 351 688 10
1183 33 33 30 238 261 10
1184 63 59 21 948 959 10
1185 55 58 8 400 405 10
1186 21 48 22 592 740 10
1187 33 62 16 539 850 10
1188 39 37 13 618 811 10
1189 40 54 1 889 896 10
1190 51 43 14 901 977 10
1191 4 11 8 936 944 10
1192 17 55 35 484 606 10
1193 20 39 32 816 969 10
1194 38 62 15 332 630 10
1195 37 44 12 151 192 10
1196 46 39 12 844 983 10
1197 46 42 13 463 523 10
1198 46 59 24 707 901 10
1199 80 31 21 885 907 10
1200 30 11 12 225 306 10
1201 44 59 10 541 578 10
1202 42 24 21 449 546 10
1203 65 45 30 144 465 10
1204 38 63 19 744 966 10
1205 36 33 22 622 982 10
1206 49 51 26 496 655 10
1207 28 7 4 337 713 10
1208 38 47 1 617 733 10
1209 34 33 17 21 132 10
1210 40 62 21 187 738 10
1211 27 69 27 836 896 10
1212 74 48 3 703 849 10
1213 22 41 35 687 737 10
1214 35 43 20 743 813 10
1215 9 5 34 638 943 10
1216 36 41 12 738 922 10
1217 47 61 5 47 250 10
1218 39 35 11 714 985 10
1219 46 60 18 466 634 10
1220 34 48 23 824 980 10
1221 12 11 14 779 950 10
1222 52 18 20 815 965 10
1223 72 50 25 719 800 10
1224 46 43 8 727 888 10
1225 22 55 4 813 966 10
1226 50 47 16 147 261 10
1227 47 35 10 447 563 10
1228 18 7 17 726 729 10
1229 80 35 19 746 826 10
1230 30 34 21 204 639 10
1231 37 64 15 944 965 10
1232 41 10 5 529 722 10
1233 24 45 23 625 807 10
1234 34 69 2 649 715 10
1235 37 8 10 287 332 10
1236 39 33 5 369 805 10
1237 44 29 21 551 750 10
1238 39 9 17 62 295 10
1239 53 15 28 795 961 10
1240 46 74 16 453 699 10
1241 46 59 18 134 297 10
1242 39 46 21 805 919 10
1243 41 49 24 470 667 10
1244 45 50 26 296 495 10
1245 64 30 23 537 963 10
1246 62 39 2 430 647 10
1247 48 53 2 259 811 10
1248 12 9 8 494 765 10
1249 48 39 17 609 747 10
1250 31 44 32 960 980 10
1251 18 25 15 445 509 10
1252 29 49 15 428 545 10
1253 32 18 1 740 926 10
1254 29 18 2 161 566 10
1255 50 29 17 842 974 10
1256 29 38 3 720 740 10
1257 37 55 19 888 974 10
1258 35 11 23 141 341 10
1259 59 62 2 890 960 10
1260 35 41 1 296 762 10
1261 29 21 22 689 969 10
1262 23 24 6 528 681 10
1263 38 51 7 936 966 10
1264 49 46 23 696 977 10
1265 5 10 24 580 621 10
1266 68 51 19 353 446 10
1267 37 51 25 240 289 10
1268 63 40 16 401 859 10
1269 45 56 13 966 972 10
1270 40 42 6 14 162 10
1271 20 27 39 86 391 10
1272 40 52 15 525 620 10
1273 53 50 1 22 194 10
1274 51 17 11 639 964 10
1275 27 28 20 664 928 10
1276 20 14 15 633 898 10
1277 30 17 11 86 645 10
1278 6 2 20 307 509 10
1279 72 40 19 128 295 10
1280 64 44 8 257 269 10
1281 73 52 3 838 952 10
1282 36 24 4 785 814 10
1283 36 41 8 532 702 10
1284 52 58 16 637 928 10
1285 62 47 18 483 693 10
1286 34 64 8 337 682 10
1287 51 56 29 447 608 10
1288 43 38 21 503 880 10
1289 53 16 13 271 375 10
1290 46 59 8 743 969 10
1291 39 61 6 463 529 10
1292 37 23 24 342 529 10
1293 23 46 1 648 784 10
1294 79 31 25 155 445 10
1295 51 45 6 318 476 10
1296 38 13 20 755 948 10
1297 20 7 23 56 521 10
1298 26 58 18 776 827 10
1299 27 41 22 146 393 10
1300 37 38 29 722 986 10
1301 46 41 17 712 734 10
1302 39 71 29 720 919 10
1303 40 33 9 19 227 10
1304 34 48 14 417 426 10
1305 29 81 8 564 588 10
1306 58 63 11 916 950 10
1307 51 8 19 415 434 10
1308 49 30 4 851 902 10
1309 29 58 19 283 409 10
1310 41 53 6 49 133 10
1311 51 34 19 407 976 10
1312 15 32 27 172 727 10
1313 11 9 33 413 674 10
1314 33 32 3 611 738 10
1315 30 66 21 942 961 10
1316 37 55 30 696 876 10
1317 34 48 21 872 980 10
1318 53 55 21 536 815 10
1319 43 60 9 769 792 10
1320 39 53 9 524 590 10
1321 37 59 9 612 898 10
1322 36 45 32 775 878 10
1323 41 25 6 809 818 10
1324 37 48 9 212 426 10
1325 30 60 1 825 967 10
1326 44 50 5 971 977 10
1327 33 15 5 597 744 10
1328 54 37 14 314 360 10
1329 34 18 4 270 656 10
1330 29 71 21 507 616 10
1331 21 37 13 816 969 10
1332 60 49 18 924 946 10
1333 20 29 6 195 208 10
1334 46 49 1 448 463 10
1335 58 43 21 366 627 10
1336 50 45 21 919 977 10
1337 21 26 11 56 272 10
1338 27 43 4 200 880 10
1339 29 41 26 177 291 10
1340 29 76 14 92 98 10
1341 42 35 12 691 788 10
1342 51 43 1 899 977 10
1343 30 65 5 204 339 10
1344 8 38 25 757 958 10
1345 29 74 17 175 408 10
1346 61 38 4 309 821 10
1347 64 52 13 552 718 10
1348 37 5 6 789 799 10
1349 26 31 11 71 108 10
1350 52 45 11 576 732 10
1351 63 9 13 689 951 10
1352 56 29 7 331 494 10
1353 -2 30 20 595 940 10
1354 15 11 29 170 335 10
1355 52 16 8 49 447 10
1356 36 44 32 928 983 10
1357 34 14 20 156 424 10
1358 59 64 28 785 958 10
1359 19 41 5 26 734 10
1360 50 56 15 476 946 10
1361 43 61 3 385 397 10
1362 63 26 26 346 382 10
1363 38 57 5 140 438 10
1364 42 45 1 391 579 10
1365 49 41 15 268 375 10
1366 5 44 2 358 561 10
1367 65 48 2 531 832 10
1368 21 40 4 233 486 10
1369 50 18 37 611 949 10
1370 38 32 16 186 671 10
1371 22 39 20 233 355 10
1372 44 63 18 530 769 10
1373 34 31 24 528 557 10
1374 38 31 30 698 981 10
1375 2 55 24 855 948 10
1376 74 51 7 238 429 10
1377 53 20 3 706 730 10
1378 29 70 16 474 519 10
1379 26 75 23 284 470 10
1380 29 46 17 62 254 10
1381 42 32 29 273 426 10
1382 60 34 23 474 594 10
1383 35 15 18 401 623 10
1384 42 30 31 953 960 10
1385 64 44 12 490 697 10
1386 60 59 15 459 846 10
1387 53 42 34 738 743 10
1388 50 18 24 115 487 10
1389 43 15 28 274 310 10
1390 51 17 4 413 673 10
1391 39 60 35 739 969 10
1392 37 37 5 844 985 10
1393 38 44 24 385 730 10
1394 33 43 4 574 869 10
1395 21 43 5 214 306 10
1396 44 15 20 152 306 10
1397 41 56 21 166 272 10
1398 55 52 18 512 634 10
1399 57 45 17 932 971 10
1400 9 37 17 274 289 10
1401 19 45 15 617 826 10
1402 21 12 16 225 376 10
1403 22 43 21 958 972 10
1404 37 40 23 20 193 10
1405 14 60 5 731 758 10
1406 38 35 12 570 822 10
1407 13 51 2 935 961 10
1408 34 65 11 374 579 10
1409 46 19 31 349 544 10
1410 44 11 10 476 501 10
1411 45 33 18 215 383 10
1412 31 31 33 123 128 10
1413 36 41 29 740 941 10
1414 36 54 8 594 725 10
1415 53 54 6 507 511 10
1416 53 62 1 127 424 10
1417 45 69 22 404 758 10
1418 39 35 2 815 985 10
1419 46 44 22 112 564 10
1420 45 41 22 768 984 10
1421 9 9 5 891 946 10
1422 37 38 6 808 969 10
1423 36 32 10 154 417 10
1424 16 26 13 187 409 10
1425 46 73 4 162 355 10
1426 41 53 23 416 534 10
1427 49 45 8 911 977 10
1428 14 54 9 279 515 10
1429 41 29 17 463 816 10
1430 41 72 21 434 801 10
1431 56 58 5 350 606 10
1432 61 45 14 353 575 10
1433 53 51 5 298 794 10
1434 62 40 21 861 965 10
1435 12 17 1 925 953 10
1436 48 49 7 306 976 10
1437 53 19 29 780 965 10
1438 51 17 14 195 411 10
1439 84 38 4 311 339 10
1440 34 14 18 180 505 10
1441 39 65 20 581 787 10
1442 10 72 5 430 732 10
1443 43 72 4 473 487 10
1444 62 15 18 865 956 10
1445 37 25 15 952 974 10
1446 45 41 25 382 773 10
1447 63 47 5 85 142 10
1448 65 50 3 852 866 10
1449 50 35 10 244 262 10
1450 69 42 17 291 386 10
1451 41 43 20 765 986 10
1452 71 33 30 589 784 10
1453 36 65 16 566 916 10
1454 39 45 23 928 984 10
1455 20 37 20 166 374 10
1456 8 31 21 674 861 10
1457 30 40 1 566 790 10
1458 46 53 30 873 975 10
1459 62 49 18 672 965 10
1460 36 44 1 332 395 10
1461 32 46 1 100 186 10
1462 9 65 15 233 302 10
1463 34 48 10 119 649 10
1464 25 47 17 651 676 10
1465 51 48 1 848 975 10
1466 57 31 19 931 969 10
1467 12 8 19 805 908 10
1468 41 54 28 751 816 10
1469 52 45 2 339 415 10
1470 -2 31 29 843 946 10
1471 56 42 16 368 468 10
1472 10 13 8 947 950 10
1473 47 39 3 463 747 10
1474 34 31 19 858 978 10
1475 34 10 20 364 587 10
1476 10 12 21 852 950 10
1477 36 19 13 362 624 10
1478 32 34 33 715 980 10
1479 5 41 22 305 366 10
1480 43 51 4 599 964 10
1481 34 55 13 220 539 10
1482 46 43 30 599 839 10
1483 0 49 12 128 562 10
1484 9 4 11 442 942 10
1485 51 43 12 416 423 10
1486 35 4 13 236 880 10
1487 53 50 2 892 972 10
1488 5 51 33 709 715 10
1489 10 13 11 919 950 10
1490 33 42 9 973 982 10
1491 39 50 10 164 706 10
1492 53 8 28 356 532 10
1493 37 45 29 15 65 10
1494 48 64 3 39 94 10
1495 33 50 5 535 659 10
1496 64 28 5 827 961 10
1497 38 42 23 705 986 10
1498 41 7 15 947 957 10
1499 33 43 5 781 819 10
1500 45 51 2 933 977 10
1501 77 40 1 380 623 10
1502 33 50 28 590 762 10
1503 13 6 20 545 927 10
1504 46 38 5 530 948 10
1505 42 32 28 645 744 10
1506 68 40 7 40 537 10
1507 38 43 19 791 985 10
1508 35 31 2 518 841 10
1509 22 27 31 432 914 10
1510 43 35 13 206 285 10
1511 42 19 20 139 170 10
1512 63 26 24 841 961 10
1513 4 62 30 719 891 10
1514 46 49 18 885 977 10
1515 51 44 12 627 977 10
1516 40 45 24 383 974 10
1517 20 28 13 214 254 10
1518 49 42 22 350 407 10
1519 39 31 3 333 487 10
1520 28 32 40 312 320 10
1521 20 36 24 290 902 10
1522 30 41 7 429 652 10
1523 40 55 7 903 974 10
1524 39 41 23 577 754 10
1525 50 20 36 875 944 10
1526 48 49 12 900 976 10
1527 42 45 12 52 107 10
1528 30 27 1 317 356 10
1529 24 49 24 469 568 10
1530 38 43 18 210 316 10
1531 28 22 8 742 969 10
1532 42 63 14 497 781 10
1533 62 17 22 623 630 10
1534 25 56 9 380 599 10
1535 46 58 11 824 969 10
1536 42 30 19 403 794 10
1537 50 18 11 113 272 10
1538 66 48 11 724 728 10
1539 27 41 24 371 801 10
1540 33 57 26 316 762 10
1541 7 9 20 281 634 10
1542 31 33 27 677 726 10
1543 43 45 2 892 967 10
1544 51 43 20 535 977 10
1545 44 57 1 634 798 10
1546 24 32 9 438 462 10
1547 51 28 16 956 974 10
1548 34 44 39 271 276 10
1549 36 38 4 467 985 10
1550 41 46 16 552 584 10
1551 0 8 25 542 632 10
1552 40 57 8 961 972 10
1553 57 53 23 298 968 10
1554 45 44 23 184 412 10
1555 54 34 12 730 883 10
1556 38 37 15 664 986 10
1557 40 62 26 771 967 10
1558 27 42 9 754 977 10
1559 8 44 1 836 957 10
1560 35 67 24 597 961 10
1561 53 40 8 158 419 10
1562 44 39 24 283 555 10
1563 50 19 19 842 908 10
1564 54 37 3 258 552 10
1565 53 28 20 176 401 10
1566 34 19 27 433 960 10
1567 61 45 15 359 654 10
1568 16 12 10 773 906 10
1569 82 44 24 533 560 10
1570 10 26 16 233 286 10
1571 47 62 23 158 309 10
1572 79 37 13 375 922 10
1573 45 74 7 327 532 10
1574 57 37 19 771 972 10
1575 65 39 14 905 964 10
1576 43 70 17 622 958 10
1577 36 44 32 542 545 10
1578 55 29 26 726 896 10
1579 31 44 10 697 857 10
1580 65 28 6 245 630 10
1581 32 32 16 558 727 10
1582 39 49 12 736 783 10
1583 42 55 27 104 159 10
1584 31 46 2 132 519 10
1585 43 52 10 204 359 10
1586 65 44 24 186 365 10
1587 29 34 15 185 200 10
1588 8 5 2 140 563 10
1589 40 17 9 745 753 10
1590 22 53 20 38 171 10
1591 53 40 3 496 834 10
1592 12 4 26 657 675 10
1593 33 31 11 779 978 10
1594 33 37 6 716 983 10
1595 33 17 21 772 966 10
1596 22 23 16 426 828 10
1597 51 54 20 282 458 10
1598 39 33 25 248 661 10
1599 58 36 8 451 491 10
1600 41 28 4 877 977 10
1601 26 54 10 48 689 10
1602 64 52 2 923 961 10
1603 57 26 5 892 968 10
1604 43 38 1 182 213 10
1605 60 64 6 101 548 10
1606 35 75 11 389 569 10
1607 50 45 10 606 956 10
1608 14 63 23 934 955 10
1609 45 54 13 263 577 10
1610 16 42 26 590 811 10
1611 56 58 17 882 965 10
1612 51 51 13 542 818 10
1613 34 33 9 309 981 10
1614 44 38 1 778 888 10
1615 32 59 16 420 576 10
1616 42 43 7 855 985 10
1617 39 36 20 202 430 10
1618 53 47 15 355 468 10
1619 38 67 16 818 961 10
1620 41 48 13 215 401 10
1621 50 45 15 66 132 10
1622 42 31 19 776 958 10
1623 42 45 1 973 983 10
1624 43 32 16 114 233 10
1625 57 44 11 252 408 10
1626 82 26 28 156 246 10
1627 37 26 31 48 134 10
1628 43 63 8 717 966 10
1629 51 17 7 364 685 10
1630 24 73 18 579 836 10
1631 54 43 9 476 535 10
1632 24 32 31 237 484 10
1633 37 26 17 640 861 10
1634 5 41 12 238 454 10
1635 38 39 16 936 986 10
1636 63 23 22 552 574 10
1637 20 11 18 141 200 10
1638 48 27 8 616 726 10
1639 34 14 18 474 849 10
1640 34 37 38 438 800 10
1641 14 50 11 130 204 10
1642 12 15 17 846 952 10
1643 54 20 13 726 844 10
1644 -2 31 23 710 779 10
1645 39 59 28 199 233 10
1646 40 33 24 143 336 10
1647 50 56 18 819 969 10
1648 36 65 23 305 517 10
1649 53 54 25 589 850 10
1650 32 47 41 141 656 10
1651 45 50 14 306 342 10
1652 39 9 23 509 742 10
1653 34 14 8 37 47 10
1654 28 48 4 884 975 10
1655 62 13 12 301 389 10
1656 20 48 1 661 825 10
1657 9 71 39 313 649 10
1658 68 35 5 555 726 10
1659 41 60 28 498 636 10
1660 25 73 16 566 952 10
1661 50 63 37 374 386 10
1662 9 53 33 936 956 10
1663 34 51 17 363 369 10
1664 29 60 1 788 938 10
1665 61 39 16 680 968 10
1666 78 41 4 454 833 10
1667 41 56 7 840 934 10
1668 35 55 25 117 530 10
1669 80 37 4 782 949 10
1670 66 46 5 680 926 10
1671 22 42 8 541 799 10
1672 40 60 11 832 969 10
1673 42 60 10 592 737 10
1674 64 39 13 957 965 10
1675 29 49 10 419 770 10
1676 40 43 13 202 293 10
1677 -3 31 24 913 946 10
1678 51 43 16 56 313 10
1679 36 25 30 903 975 10
1680 69 39 5 416 567 10
1681 48 45 26 272 279 10
1682 47 40 22 620 924 10
1683 0 31 20 375 681 10
1684 50 27 15 204 397 10
1685 33 26 3 722 738 10
1686 36 25 14 63 193 10
1687 21 42 17 500 767 10
1688 12 67 1 336 440 10
1689 21 6 6 482 652 10
1690 33 50 10 13 19 10
1691 55 52 14 443 639 10
1692 58 29 13 172 409 10
1693 44 60 16 936 969 10
1694 60 64 9 899 947 10
1695 33 56 5 438 658 10
1696 50 36 25 249 284 10
1697 60 60 17 538 697 10
1698 18 53 10 172 398 10
1699 38 6 4 686 956 10
1700 21 36 5 177 409 10
1701 33 23 27 122 408 10
1702 34 33 15 759 981 10
1703 28 27 23 43 350 10
1704 15 50 16 214 661 10
1705 23 45 18 874 972 10
1706 34 69 17 610 676 10
1707 27 42 5 686 922 10
1708 40 42 40 51 141 10
1709 -6 27 17 120 472 10
1710 63 26 4 82 86 10
1711 63 26 6 612 961 10
1712 57 44 28 566 769 10
1713 37 70 12 632 959 10
1714 37 41 4 925 986 10
1715 60 64 1 759 951 10
1716 59 24 2 796 906 10
1717 5 24 20 381 817 10
1718 36 41 1 12 348 10
1719 15 7 26 562 874 10
1720 28 47 12 766 975 10
1721 19 43 1 670 968 10
1722 23 43 5 600 863 10
1723 45 55 22 656 957 10
1724 69 42 37 227 393 10
1725 32 9 9 405 660 10
1726 77 46 4 428 522 10
1727 61 32 1 624 967 10
1728 38 30 2 795 935 10
1729 23 28 2 841 869 10
1730 41 63 10 95 516 10
1731 65 52 34 59 105 10
1732 27 31 6 763 974 10
1733 37 46 29 826 955 10
1734 9 21 22 768 853 10
1735 16 54 37 106 236 10
1736 34 67 19 507 676 10
1737 51 17 32 767 964 10
1738 51 21 16 766 968 10
1739 77 38 2 383 438 10
1740 51 40 25 888 943 10
1741 44 44 17 772 983 10
1742 17 2 3 413 529 10
1743 46 40 24 708 983 10
1744 61 48 14 922 967 10
1745 77 44 14 811 952 10
1746 68 40 15 291 778 10
1747 35 48 22 955 980 10
1748 37 13 8 716 963 10
1749 43 -6 18 507 566 10
1750 35 67 14 762 961 10
1751 61 60 3 641 821 10
1752 49 -15 13 248 627 10
1753 41 25 3 894 975 10
1754 13 69 27 641 672 10
1755 45 43 27 300 437 10
1756 38 62 10 405 423 10
1757 21 43 16 710 726 10
1758 57 46 14 348 555 10
1759 18 54 16 641 919 10
1760 44 58 1 403 627 10
1761 31 40 31 295 869 10
1762 39 35 24 657 770 10
1763 57 44 15 252 312 10
1764 53 42 13 23 120 10
1765 56 55 9 863 966 10
1766 44 57 12 240 611 10
1767 67 46 22 738 856 10
1768 47 68 33 917 960 10
1769 56 33 12 590 663 10
1770 73 52 8 581 880 10
1771 66 55 24 185 198 10
1772 40 56 18 601 869 10
1773 35 57 7 944 971 10
1774 46 44 22 262 320 10
1775 50 24 9 504 543 10
1776 25 58 3 874 886 10
1777 58 44 13 479 706 10
1778 87 34 12 288 293 10
1779 56 58 15 579 963 10
1780 73 55 24 576 763 10
1781 43 60 10 780 852 10
1782 50 56 26 247 630 10
1783 51 43 6 695 802 10
1784 62 40 32 279 282 10
1785 36 48 9 76 340 10
1786 13 46 15 564 608 10
1787 64 46 37 252 446 10
1788 51 43 34 919 977 10
1789 35 50 13 940 977 10
1790 15 35 18 237 681 10
1791 45 47 15 279 713 10
1792 51 15 15 789 833 10
1793 36 33 26 959 982 10
1794 50 45 22 890 977 10
1795 53 45 25 164 320 10
1796 80 31 18 817 882 10
1797 63 46 21 921 965 10
1798 19 35 8 758 968 10
1799 25 28 31 426 596 10
1800 45 44 11 152 403 10
1801 37 25 21 953 975 10
1802 34 38 4 33 249 10
1803 50 51 13 99 747 10
1804 27 23 20 308 511 10
1805 38 40 11 674 988 10
1806 27 66 30 684 877 10
1807 51 56 24 594 969 10
1808 39 11 12 198 362 10
1809 -5 31 3 441 690 10
1810 52 37 10 770 801 10
1811 34 18 31 281 537 10
1812 51 43 20 961 977 10
1813 22 53 26 564 967 10
1814 49 31 32 684 688 10
1815 48 48 16 650 977 10
1816 12 10 24 122 221 10
1817 57 44 12 172 630 10
1818 64 30 1 195 315 10
1819 46 45 17 381 386 10
1820 53 59 22 415 428 10
1821 50 24 5 792 927 10
1822 27 31 12 698 914 10
1823 60 46 13 330 545 10
1824 34 32 22 529 702 10
1825 47 68 34 453 960 10
1826 22 43 6 204 353 10
1827 65 33 27 861 958 10
1828 35 10 2 681 960 10
1829 77 40 9 284 354 10
1830 22 53 13 602 867 10
1831 35 37 12 462 789 10
1832 21 38 1 125 169 10
1833 71 40 13 385 426 10
1834 44 15 15 112 448 10
1835 50 21 33 167 237 10