1.388968, 103.895658
1.404375, 103.904784
1.396627, 103.889865
1.389868, 103.89852
1.36921, 103.897536
1.394109, 103.880831
1.397404, 103.908974
1.397692, 103.915172
1.391184, 103.873946
1.402059, 103.891879
1.397904, 103.917329
1.402964, 103.907847
1.375758, 103.882033
1.378448, 103.882857
1.390556, 103.900838
1.387413, 103.89972
1.378066, 103.884041
1.403474, 103.897938
1.392818, 103.890814
1.39007, 103.907273
1.393396, 103.897573
1.367588, 103.89888
1.393889, 103.877495
1.388402, 103.888167
1.391586, 103.88752
1.387652, 103.895336
1.401133, 103.908073
1.379725, 103.881133
1.396041, 103.880735
1.37337, 103.884099
1.398778, 103.902911
1.393628, 103.901775
1.363136, 103.893183
1.396194, 103.879992
1.398939, 103.910538
1.4026, 103.913971
1.372211, 103.88819
1.40137, 103.913192
1.361893, 103.889837
1.380448, 103.879579
1.392962, 103.899291
1.39894, 103.916373
1.405959, 103.897968
1.395825, 103.898498
1.404885, 103.896351
1.386398, 103.89996
1.400947, 103.900708
1.385795, 103.905414
1.400326, 103.900735
1.380933, 103.893819
1.398048, 103.903477
1.398734, 103.8967
1.397545, 103.91295
1.395787, 103.906618
1.41024, 103.902144
1.398285, 103.916255
1.39786, 103.881233
1.395002, 103.891961
1.373425, 103.891857
1.394156, 103.902376
1.401492, 103.914459
1.412436, 103.899134
1.397545, 103.91295
1.388834, 103.871071
1.378467, 103.900804
1.389951, 103.895619
1.367505, 103.897418
1.383177, 103.902597
1.377815, 103.89128
1.393388, 103.898081
1.404534, 103.895666
1.36299, 103.890464
1.394548, 103.914529
1.380032, 103.880971
1.396941, 103.905729
1.398516, 103.910141
1.387598, 103.89022
1.389931, 103.886561
1.397046, 103.913718
1.385622, 103.883768
1.379468, 103.877266
1.40353, 103.908463
1.375585, 103.883516
1.370083, 103.890795
1.389947, 103.90945
1.392799, 103.902407
1.369617, 103.896613
1.39323, 103.891351
1.408701, 103.901327
1.396241, 103.902633
1.412667, 103.897601
1.402436, 103.916914
1.396772, 103.881104
1.38529, 103.891907
1.390163, 103.877056
1.405078, 103.90776
1.382658, 103.89944
1.40204, 103.890119
1.395547, 103.874238
1.374484, 103.882442
1.373765, 103.893483
1.397455, 103.87801
1.396647, 103.893642
1.39655, 103.910063
1.392903, 103.897405
1.394374, 103.876322
1.392096, 103.892551
1.393069, 103.910698
1.400404, 103.899484
1.39415, 103.909596
1.393907, 103.884507
1.388834, 103.871071
1.40152, 103.891565
1.402303, 103.901262
1.400243, 103.91708
1.373117, 103.888016
1.393862, 103.88854
1.389776, 103.903969
1.406211, 103.909369
1.384839, 103.883129
1.397402, 103.881338
1.38906, 103.902401
1.393396, 103.897573
1.417187, 103.900034
1.395522, 103.902214
1.375232, 103.886025
1.390945, 103.881016
1.395167, 103.901789
1.3936, 103.876913
1.37573, 103.878187
1.403861, 103.909541
1.372117, 103.889193
1.402617, 103.905603
1.397539, 103.88908
1.399359, 103.911837
1.374763, 103.890627
1.401126, 103.893478
1.395335, 103.911434
1.375417, 103.904113
1.380907, 103.891873
1.392968, 103.869572
1.393089, 103.909042
1.362277, 103.891329
1.380933, 103.893819
1.394512, 103.907964
1.373618, 103.885749
1.393908, 103.878223
1.401718, 103.907177
1.36536, 103.893727
1.379888, 103.878385
1.40573, 103.908621
1.401886, 103.904917
1.405154, 103.897805
1.409323, 103.900802
1.383985, 103.882486
1.40055, 103.91865
1.385772, 103.883485
1.377965, 103.88822
1.373326, 103.895386
1.369137, 103.884695
1.393815, 103.873364
1.389004, 103.876069
1.397946, 103.896377
1.400213, 103.919053
1.403508, 103.903717
1.392938, 103.870197
1.374137, 103.900583
1.40055, 103.91865
1.401037, 103.903988
1.399633, 103.911459
1.394732, 103.879609
1.404164, 103.909118
1.375119, 103.890726
1.419657, 103.904007
1.412436, 103.899134
1.410036, 103.89638
1.396953, 103.915738
1.370095, 103.881673
1.396829, 103.901187
1.375993, 103.903644
1.394596, 103.881117
1.382497, 103.900321
1.382497, 103.900321
1.394021, 103.881215
1.369716, 103.89343
1.397103, 103.895715
1.407222, 103.910592
1.389833, 103.907856
1.387892, 103.888922
1.402822, 103.892154
1.372746, 103.889042
1.385455, 103.89449
1.404448, 103.90543
1.394002, 103.908628
1.38235, 103.89064
1.39007, 103.907273
1.403031, 103.917081
1.376972, 103.888864
1.384767, 103.895958
1.418032, 103.90216
1.38795, 103.895779
1.371316, 103.889932
1.388219, 103.873179
1.394109, 103.880831
1.389836, 103.894154
1.388834, 103.871071
1.381833, 103.893909
1.39655, 103.910063
1.376829, 103.900641
1.405923, 103.901924
1.399468, 103.890705
1.370608, 103.896776
1.387007, 103.891965
1.377806, 103.87972
1.370198, 103.883776
1.395222, 103.904809
1.395222, 103.904809
1.380448, 103.879579
1.369918, 103.88319
1.412057, 103.897762
1.39007, 103.907273
1.383985, 103.882486
1.396895, 103.87465
1.40398, 103.899455
1.3805, 103.891706
1.395312, 103.888015
1.407754, 103.900906
1.404421, 103.907861
1.395717, 103.888065
1.395222, 103.904809
1.392498, 103.870189
1.395222, 103.904809
1.37457, 103.879878
1.396558, 103.890241
1.372226, 103.89464
1.407754, 103.900906
1.397942, 103.909448
1.391351, 103.895997
1.395222, 103.904809
1.380933, 103.893819
1.417738, 103.902934
1.397175, 103.90523
1.402605, 103.911427
1.370613, 103.879209
1.393089, 103.909042
1.361992, 103.888827
1.386042, 103.902901
1.36696, 103.891406
1.379055, 103.901928
1.392201, 103.874779
1.384141, 103.894443
1.395222, 103.904809
1.406404, 103.905958
1.395222, 103.904809
1.380015, 103.878742
1.395817, 103.90093
1.389045, 103.879415
1.37747, 103.886929
1.396895, 103.87465
1.403746, 103.909883
1.389895, 103.88592
1.394416, 103.891774
1.40573, 103.908621
1.376823, 103.884083
1.379361, 103.892036
1.399631, 103.9208
1.400408, 103.913751
1.402436, 103.916914
1.395222, 103.904809
1.399904, 103.919353
1.402393, 103.910697
1.378159, 103.89541
1.395222, 103.904809
1.384397, 103.900812
1.369918, 103.88319
1.386649, 103.902725
1.398358, 103.889074
1.394836, 103.900697
1.397539, 103.88908
1.385775, 103.893066
1.37337, 103.884099
1.39627, 103.900983
1.402059, 103.891879
1.400676, 103.9047
1.395222, 103.904809
1.3805, 103.891706
1.382273, 103.880129
1.368518, 103.894584
1.377205, 103.893288
1.412188, 103.897456
1.410907, 103.901186
1.403878, 103.895239
1.370514, 103.897133
1.395222, 103.904809
1.375252, 103.888186
1.400598, 103.89892
1.363721, 103.894827
1.395787, 103.906618
1.403027, 103.915006
1.388834, 103.871071
1.390751, 103.897947
1.380462, 103.901273
1.395222, 103.904809
1.395222, 103.904809
1.395222, 103.904809
1.374407, 103.890564
1.389615, 103.89588
1.385902, 103.881387
1.399661, 103.907235
1.373526, 103.902708
1.369878, 103.88986
1.380462, 103.901273
1.391683, 103.89988
1.402881, 103.911042
1.395222, 103.904809
1.395222, 103.904809
1.378952, 103.886777
1.380612, 103.902117
1.395222, 103.904809
1.373111, 103.885637
1.402685, 103.893609
1.383598, 103.898503
1.397692, 103.915172
1.363721, 103.894827
1.419803, 103.905195
1.397771, 103.908648
1.37812, 103.902296
1.395222, 103.904809
1.392832, 103.91062
1.393903, 103.913777
1.397946, 103.905945
1.394317, 103.899208
1.377763, 103.896274
1.395332, 103.879514
1.396803, 103.898497
1.388354, 103.898838
1.37161, 103.886062
1.40494, 103.898037
1.392913, 103.892403
1.383827, 103.881672
1.399654, 103.899916
1.374407, 103.890564
1.395222, 103.904809
1.395222, 103.904809
1.377205, 103.893288
1.404433, 103.897932
1.371535, 103.884223
1.387136, 103.894449
1.40204, 103.890119
1.398068, 103.910167
1.396772, 103.881104
1.380932, 103.889121
1.395222, 103.904809
1.395222, 103.904809
1.394631, 103.903903
1.375806, 103.894819
1.381008, 103.901156
1.401417, 103.91576
1.393466, 103.88793
1.383985, 103.882486
1.393867, 103.906351
1.3805, 103.891706
1.395222, 103.904809
1.391098, 103.875166
1.395314, 103.879774
1.395222, 103.904809
1.395222, 103.904809
1.395222, 103.904809
1.395222, 103.904809
1.395222, 103.904809
1.395222, 103.904809
1.374407, 103.890564
1.398895, 103.91253
1.372837, 103.900841
1.395222, 103.904809
1.373184, 103.900353
1.398063, 103.915453
1.395222, 103.904809
1.376698, 103.887541
1.396605, 103.908344
1.396772, 103.881104
1.397942, 103.909448
1.367588, 103.89888
1.406191, 103.911699
1.395445, 103.912465
1.395222, 103.904809
1.373526, 103.902708
1.370681, 103.887135
1.389545, 103.887444
1.385622, 103.883768
1.389264, 103.896575
1.391342, 103.891904
1.387065, 103.892736
1.395959, 103.899067
1.40204, 103.890119
1.371464, 103.884745
1.390009, 103.893454
1.399664, 103.904496
1.395222, 103.904809
1.409323, 103.900802
1.399407, 103.908431
1.37554, 103.887475
1.388971, 103.904967
1.383931, 103.893564
1.365826, 103.891706
1.397984, 103.878459
1.395222, 103.904809
1.374407, 103.890564
1.389545, 103.887444
1.392888, 103.906921
1.376298, 103.900221
1.376298, 103.900221
1.396324, 103.877422
1.388641, 103.904624
1.376647, 103.886772
1.388096, 103.902721
1.378433, 103.888023
1.395222, 103.904809
1.395222, 103.904809
1.395222, 103.904809
1.37795, 103.904346
1.392544, 103.899042
1.416631, 103.899488
1.395222, 103.904809
1.405383, 103.912961
1.395222, 103.904809
1.395222, 103.904809
1.375936, 103.901086
1.392644, 103.901745
1.395222, 103.904809
1.396803, 103.898497
1.395222, 103.904809
1.395222, 103.904809
1.379725, 103.881133
1.391349, 103.888012
1.395222, 103.904809
1.38486, 103.891993
1.400243, 103.91708
1.395222, 103.904809
1.394631, 103.903903
1.373261, 103.894632
1.395222, 103.904809
1.393747, 103.914002
1.395222, 103.904809
1.382579, 103.897225
1.376264, 103.901389
1.378467, 103.900804
1.386042, 103.902901
1.405575, 103.897926
1.373261, 103.894632
1.395222, 103.904809
1.395222, 103.904809
1.401352, 103.910104
1.40161, 103.896002
1.386398, 103.89996
1.389245, 103.876556
1.392138, 103.872491
1.404698, 103.899899
1.394317, 103.899208
1.381004, 103.897888
1.392913, 103.892403
1.388549, 103.898488
1.38346, 103.901384
1.405923, 103.901924
1.388641, 103.904624
1.395222, 103.904809
1.395222, 103.904809
1.388354, 103.898838
1.380015, 103.878742
1.395222, 103.904809
1.387438, 103.896932
1.389659, 103.908293
1.395222, 103.904809
1.395222, 103.904809
1.383512, 103.896374
1.395222, 103.904809
1.395222, 103.904809
1.392644, 103.901745
1.393807, 103.885616
1.393606, 103.913464
1.395222, 103.904809
1.395222, 103.904809
1.37716, 103.87968
1.381278, 103.891402
1.382486, 103.901285
1.373778, 103.90297
1.403889, 103.907207
1.390655, 103.912753
1.397175, 103.90523
1.38206, 103.902355
1.388834, 103.871071
1.385046, 103.881167
1.376371, 103.88352
1.395222, 103.904809
1.393334, 103.889
1.395222, 103.904809
1.395129, 103.907258
1.395222, 103.904809
1.393174, 103.906494
1.38786, 103.90729
1.395222, 103.904809
1.377918, 103.902765
1.395222, 103.904809
1.385046, 103.881167
1.391234, 103.912408
1.374375, 103.903485
1.395222, 103.904809
1.388764, 103.876212
1.395222, 103.904809
1.389146, 103.887872
1.393174, 103.906494
1.385768, 103.882467
1.403149, 103.898976
1.398734, 103.8967
1.399911, 103.890907
1.409711, 103.899898
1.39323, 103.891351
1.399144, 103.908983
1.385145, 103.899291
1.393174, 103.906494
1.389307, 103.891098
1.374407, 103.890564
1.395222, 103.904809
1.39003, 103.908485
1.395222, 103.904809
1.395222, 103.904809
1.39459, 103.878281
1.393174, 103.906494
1.37176, 103.881456
1.380223, 103.888553
1.395222, 103.904809
1.40573, 103.908621
1.390009, 103.893454
1.378834, 103.895911
1.39323, 103.891351
1.377205, 103.893288
1.399664, 103.904496
1.370083, 103.890795
1.384273, 103.893821
1.395222, 103.904809
1.395222, 103.904809
1.395222, 103.904809
1.395222, 103.904809
1.395222, 103.904809
1.384607, 103.894502
1.394722, 103.909874
1.376082, 103.902722
1.405412, 103.900104
1.395222, 103.904809
1.387438, 103.896932
1.395222, 103.904809
1.397212, 103.913476
1.373879, 103.877932
1.395222, 103.904809
1.395222, 103.904809
1.395222, 103.904809
1.395222, 103.904809
1.402964, 103.907847
1.395222, 103.904809
1.395222, 103.904809
1.400404, 103.899484
1.395222, 103.904809
1.395222, 103.904809
1.40072, 103.898485
1.395222, 103.904809
1.380642, 103.902656
1.375423, 103.894729
1.364867, 103.890728
1.395222, 103.904809
1.373261, 103.894632
1.399694, 103.888711
1.388127, 103.892743
1.363832, 103.890738
1.395222, 103.904809
1.395222, 103.904809
1.404536, 103.914013
1.395222, 103.904809
1.390612, 103.879964
1.395222, 103.904809
1.395222, 103.904809
1.361607, 103.887463
1.395222, 103.904809
1.395222, 103.904809
1.401718, 103.907177
1.395222, 103.904809
1.395222, 103.904809
1.395222, 103.904809
1.395222, 103.904809
1.376068, 103.891125
1.395222, 103.904809
1.395222, 103.904809
1.395222, 103.904809
1.390594, 103.902213
1.395222, 103.904809
1.398792, 103.916625
1.395222, 103.904809
1.374655, 103.902139
1.385012, 103.894415
1.395222, 103.904809
1.395222, 103.904809
1.396272, 103.873354
1.385768, 103.882467
1.395222, 103.904809
1.395222, 103.904809
1.382337, 103.894511
1.404939, 103.908157
1.391181, 103.874322
1.391521, 103.892314
1.395222, 103.904809
1.385775, 103.893066
1.395222, 103.904809
1.402186, 103.897281
1.395222, 103.904809
1.393174, 103.906494
1.395222, 103.904809
1.394479, 103.875558
1.376032, 103.881498
1.392992, 103.900639
1.385079, 103.895853
1.37822, 103.87942
1.378167, 103.878366
1.397945, 103.893052
1.402402, 103.894935
1.391252, 103.884325
1.395222, 103.904809
1.395222, 103.904809
1.380966, 103.90082
1.395222, 103.904809
1.40472, 103.904968
1.371316, 103.889932
1.395222, 103.904809
1.374375, 103.903485
1.395222, 103.904809
1.398939, 103.910538
1.388679, 103.874703
1.395222, 103.904809
1.395222, 103.904809
1.39351, 103.909107
1.395222, 103.904809
1.375833, 103.891885
1.380011, 103.89874
1.395222, 103.904809
1.395222, 103.904809
1.377446, 103.888178
1.391184, 103.873946
1.392784, 103.884016
1.380907, 103.891873
1.381251, 103.892366
1.395222, 103.904809
1.395222, 103.904809
1.39471, 103.880244
1.395222, 103.904809
1.389398, 103.888043
1.404536, 103.914013
1.395222, 103.904809
1.395222, 103.904809
1.384964, 103.903255
1.367788, 103.89393
1.395222, 103.904809
1.395222, 103.904809
1.4028, 103.892844
1.395222, 103.904809
1.395222, 103.904809
1.395222, 103.904809
1.395222, 103.904809
1.395222, 103.904809
1.395541, 103.894941
1.395222, 103.904809
1.39351, 103.909107
1.395222, 103.904809
1.374763, 103.890627
1.37174, 103.899
1.395222, 103.904809
1.395222, 103.904809
1.395222, 103.904809
1.386162, 103.892279
1.395222, 103.904809
1.395222, 103.904809
1.395222, 103.904809
1.395222, 103.904809
1.395129, 103.907258
1.395222, 103.904809
1.395222, 103.904809
1.384273, 103.893821
1.395222, 103.904809
1.395222, 103.904809
1.395222, 103.904809
1.385079, 103.895853
1.399452, 103.891016
1.391109, 103.907428
1.380933, 103.893819
1.395222, 103.904809
1.395222, 103.904809
1.395222, 103.904809
1.395222, 103.904809
1.404727, 103.907624
1.39695, 103.875199
1.388405, 103.891302
1.395222, 103.904809
1.385768, 103.882467
1.395222, 103.904809
1.395222, 103.904809
1.395222, 103.904809
1.386818, 103.897547
1.395222, 103.904809
1.395222, 103.904809
1.395222, 103.904809
1.395222, 103.904809
1.380712, 103.903082
1.395222, 103.904809
1.37795, 103.904346
1.37174, 103.899
1.403584, 103.909264
1.395222, 103.904809
1.380032, 103.879414
1.395222, 103.904809
1.395222, 103.904809
1.395222, 103.904809
1.373765, 103.893483
1.395222, 103.904809
1.400862, 103.911369
1.403474, 103.893724
1.395222, 103.904809
1.389146, 103.887872
1.380637, 103.89368
1.395222, 103.904809
1.374219, 103.881015
1.378493, 103.884016
1.370968, 103.886493
1.395222, 103.904809
1.395222, 103.904809
1.396678, 103.906579
1.389672, 103.888614
1.375266, 103.881751
1.395222, 103.904809
1.385539, 103.900781
1.385956, 103.894655
1.395222, 103.904809
1.395222, 103.904809
1.406439, 103.901818
1.398063, 103.915453
1.373431, 103.902308
1.403444, 103.898666
1.380966, 103.90082
1.385902, 103.881387
1.405214, 103.899477
1.403031, 103.917081
1.395222, 103.904809
1.395222, 103.904809
1.385768, 103.882467
1.392151, 103.887563
1.386162, 103.892279
1.378952, 103.886777
1.397942, 103.909448
1.404172, 103.906186
1.389659, 103.908293
1.395222, 103.904809
1.364076, 103.89368
1.362277, 103.891329
1.396378, 103.911281
1.395222, 103.904809
1.38047, 103.880038
1.395222, 103.904809
1.395222, 103.904809
1.377446, 103.888178
1.374288, 103.880435
1.403076, 103.904945
1.395222, 103.904809
1.375833, 103.891885
1.38047, 103.880038
1.391857, 103.884702
1.395222, 103.904809
1.395222, 103.904809
1.395222, 103.904809
1.363832, 103.890738
1.401488, 103.904338
1.395222, 103.904809
1.391251, 103.890809
1.395222, 103.904809
1.393641, 103.895275
1.377446, 103.888178
1.392832, 103.91062
1.388733, 103.91066
1.392913, 103.892403
1.40205, 103.896166
1.395222, 103.904809
1.404536, 103.914013
1.372807, 103.886904
1.395222, 103.904809
1.396041, 103.874555
1.387566, 103.894821
1.378622, 103.885053
1.376155, 103.878192
1.395222, 103.904809
1.396284, 103.872576
1.395222, 103.904809
1.374288, 103.880435
1.395222, 103.904809
1.397178, 103.89377
1.401466, 103.912122
1.373286, 103.880414
1.376823, 103.884083
1.395222, 103.904809
1.394549, 103.911106
1.395222, 103.904809
1.395222, 103.904809
1.395222, 103.904809
1.399309, 103.900792
1.410036, 103.89638
1.395222, 103.904809
1.395222, 103.904809
1.385775, 103.893066
1.395222, 103.904809
1.395222, 103.904809
1.398073, 103.892477
1.395222, 103.904809
1.377446, 103.888178
1.395222, 103.904809
1.393174, 103.906494
1.417205, 103.9032
1.400561, 103.89737
1.395222, 103.904809
1.400176, 103.91972
1.395222, 103.904809
1.395222, 103.904809
1.391734, 103.885156
1.397116, 103.894223
1.381721, 103.895198
1.371535, 103.884223
1.395222, 103.904809
1.406404, 103.905958
1.370521, 103.882324
1.389901, 103.887121
1.395222, 103.904809
1.395222, 103.904809
1.389895, 103.88592
1.376793, 103.903155
1.398568, 103.892634
1.41763, 103.900553
1.405491, 103.899831
1.398164, 103.891975
1.388405, 103.891302
1.377528, 103.893603
1.395222, 103.904809
1.399407, 103.908431
1.376672, 103.901955
1.395222, 103.904809
1.395222, 103.904809
1.391109, 103.907428
1.393467, 103.892057
1.397981, 103.900072
1.399661, 103.907235
1.388844, 103.880083
1.395222, 103.904809
1.36921, 103.897536
1.396316, 103.881167
1.395222, 103.904809
1.395222, 103.904809
1.37554, 103.887475
1.395222, 103.904809
1.388141, 103.905022
1.393592, 103.873976
1.393322, 103.907116
1.395222, 103.904809
1.39459, 103.878281
1.37174, 103.899
1.39471, 103.880244
1.401046, 103.909891
1.384964, 103.903255
1.388834, 103.871071
1.4052, 103.898663
1.372724, 103.878347
1.403652, 103.898532
1.389195, 103.888599
1.398861, 103.908267
1.378359, 103.902904
1.391351, 103.895997
1.395222, 103.904809
1.395222, 103.904809
1.399694, 103.888711
1.393174, 103.906494
1.403942, 103.901034
1.396666, 103.913233
1.370198, 103.883776
1.388973, 103.909652
1.391521, 103.892314
1.410907, 103.901186
1.38897, 103.903045
1.396605, 103.908344
1.395222, 103.904809
1.379479, 103.878977
1.395647, 103.888633
1.39695, 103.875199
1.372408, 103.899433
1.398669, 103.892184
1.400243, 103.91708
1.375774, 103.899966
1.417036, 103.900922
1.376442, 103.890134
1.405898, 103.909182
1.405977, 103.898544
1.376334, 103.887399
1.380452, 103.879333
1.401886, 103.904917
1.397679, 103.897389
1.401523, 103.894628
1.395561, 103.904022
1.394977, 103.912718
1.395222, 103.904809
1.395222, 103.904809
1.385768, 103.882467
1.372074, 103.888729
1.395222, 103.904809
1.395934, 103.910882
1.40205, 103.896166
1.395222, 103.904809
1.394374, 103.876322
1.396953, 103.915738
1.390958, 103.912947
1.401108, 103.916187
1.373408, 103.893567
1.369303, 103.898351
1.375183, 103.900406
1.37589, 103.902995
1.397199, 103.906826
1.399241, 103.910054
1.402617, 103.905603
1.388269, 103.875272
1.403492, 103.914765
1.402303, 103.901262
1.401488, 103.904338
1.392445, 103.913859
1.395222, 103.904809
1.395222, 103.904809
1.385768, 103.882467
1.368494, 103.899118
1.395222, 103.904809
1.379725, 103.881133
1.373261, 103.894632
1.395222, 103.904809
1.395222, 103.904809
1.399206, 103.888873
1.370634, 103.889799
1.387712, 103.899302
1.361531, 103.88941
1.381199, 103.880162
1.395222, 103.904809
1.374288, 103.880435
1.381216, 103.900167
1.395222, 103.904809
1.393174, 103.906494
1.395222, 103.904809
1.402128, 103.913578
1.398761, 103.904939
1.387759, 103.907729
1.398798, 103.896079
1.392247, 103.874095
1.386113, 103.882052
1.378309, 103.903842
1.396041, 103.874555
1.369877, 103.891413
1.379118, 103.894291
1.373184, 103.900353
1.395222, 103.904809
1.390612, 103.879964
1.395222, 103.904809
1.383353, 103.903221
1.393174, 103.906494
1.395222, 103.904809
1.395222, 103.904809
1.395222, 103.904809
1.383758, 103.880172
1.398271, 103.899278
1.394002, 103.908628
1.399407, 103.908431
1.392968, 103.869572
1.398311, 103.908784
1.362822, 103.891047
1.388318, 103.872936
1.388348, 103.873815
1.372496, 103.89613
1.409323, 103.900802
1.379361, 103.892036
1.361699, 103.89084
1.398833, 103.905784
1.392962, 103.899291
1.391857, 103.884702
1.407754, 103.900906
1.396997, 103.895995
1.392799, 103.902407
1.389789, 103.876097
1.395222, 103.904809
1.373184, 103.900353
1.370736, 103.895121
1.379511, 103.879377
1.40176, 103.899944
1.387998, 103.872126
1.395724, 103.911805
1.393089, 103.909042
1.394133, 103.895444
1.382095, 103.880613
1.39346, 103.888223
1.39222, 103.87441
1.395312, 103.915708
1.385539, 103.900781
1.395222, 103.904809
1.406092, 103.895707
1.403652, 103.898532
1.395222, 103.904809
1.395222, 103.904809
1.374407, 103.890564
1.395222, 103.904809
1.393174, 103.906494
1.395222, 103.904809
1.395222, 103.904809
1.395222, 103.904809
1.395222, 103.904809
1.373117, 103.888016
1.395222, 103.904809
1.389799, 103.880644
1.387998, 103.872126
1.391109, 103.907428
1.390929, 103.912165
1.400068, 103.900399
1.398063, 103.915453
1.374471, 103.893091
1.376459, 103.894857
1.380217, 103.899857
1.392544, 103.899042
1.393871, 103.897506
1.396829, 103.901187
1.381284, 103.892005
1.385078, 103.88269
1.401701, 103.897128
1.39271, 103.893
1.370681, 103.887135
1.374502, 103.89571
1.411394, 103.897032
1.398001, 103.917103
1.378812, 103.90423
1.391734, 103.885498
1.399452, 103.891016
1.395222, 103.904809
1.395001, 103.910206
1.396647, 103.893642
1.374407, 103.890564
1.389146, 103.887872
1.390905, 103.885025
1.389264, 103.896575
1.395222, 103.904809
1.394561, 103.881581
1.394541, 103.905459
1.378937, 103.883857
1.393189, 103.878692
1.378309, 103.903842
1.384308, 103.882226
1.380027, 103.889496
1.398761, 103.904939
1.375983, 103.895426
1.395222, 103.904809
1.375585, 103.883516
1.39121, 103.874689
1.380508, 103.892054
1.379055, 103.901928
1.390163, 103.877056
1.397033, 103.897023
1.400068, 103.900399
1.362822, 103.891047
1.401273, 103.907765
1.389227, 103.886845
1.403474, 103.897938
1.385307, 103.89787
1.368536, 103.892618
1.392849, 103.888821
1.391306, 103.90833
1.394268, 103.899752
1.392096, 103.892551
1.395222, 103.904809
1.395222, 103.904809
1.392644, 103.901745
1.395222, 103.904809
1.388413, 103.906676
1.395222, 103.904809
1.399432, 103.917511
1.395222, 103.904809
1.392799, 103.902407
1.406049, 103.89618
1.373291, 103.877975
1.395222, 103.904809
1.379511, 103.879377
1.397173, 103.874093
1.398577, 103.88849
1.400132, 103.906648
1.390905, 103.884683
1.377918, 103.902765
1.403584, 103.909264
1.383985, 103.882486
1.399513, 103.909753
1.388547, 103.910034
1.376974, 103.895999
1.399885, 103.911896
1.377446, 103.888178
1.393394, 103.876645
1.385087, 103.898737
1.393174, 103.906494
1.361699, 103.89084
1.397358, 103.896195
1.395222, 103.904809
1.376952, 103.891749
1.395222, 103.904809
1.395222, 103.904809
1.382282, 103.891118
1.395222, 103.904809
1.389498, 103.877012
1.396829, 103.901187
1.404142, 103.896364
1.376793, 103.903155
1.388219, 103.873179
1.418032, 103.90216
1.389001, 103.892763
1.402679, 103.908106
1.367588, 103.89888
1.395222, 103.904809
1.389146, 103.887872
1.396666, 103.913233
1.395222, 103.904809
1.385768, 103.882467
1.391767, 103.873323
1.362206, 103.894742
1.405977, 103.898544
1.386369, 103.88283
1.384169, 103.896648
1.405879, 103.899983
1.379361, 103.892036
1.390454, 103.905103
1.395222, 103.904809
1.398782, 103.912883
1.376932, 103.885697
1.406677, 103.911613
1.388971, 103.904967
1.386178, 103.902619
1.407754, 103.900906
1.377528, 103.893603
1.403314, 103.898359
1.404534, 103.895666
1.391778, 103.906213
1.392396, 103.884188
1.376628, 103.878799
1.379181, 103.903044
1.39049, 103.902689
1.391914, 103.872849
1.395222, 103.904809
1.381808, 103.900893
1.389307, 103.891098
1.401572, 103.902619
1.378919, 103.891779
1.399774, 103.90685
1.400455, 103.906208
1.40072, 103.898485
1.375993, 103.903644
1.368494, 103.899118
1.390199, 103.894576
1.399661, 103.907235
1.387165, 103.906534
1.419169, 103.902816
1.390929, 103.912165
1.395222, 103.904809
1.388823, 103.873859
1.395222, 103.904809
1.390514, 103.893671
1.373654, 103.882869
1.392988, 103.912883
1.364246, 103.891478
1.39415, 103.909596
1.401019, 103.895063
1.395222, 103.904809
1.395222, 103.904809
1.387865, 103.904673
1.387262, 103.893008
1.395129, 103.907258
1.395222, 103.904809
1.375266, 103.881751
1.381076, 103.899845
1.401582, 103.890311
1.399773, 103.906001
1.40137, 103.913192
1.366654, 103.895013
1.403746, 103.909883
1.396973, 103.910425
1.371535, 103.884223
1.396079, 103.896728
1.385079, 103.895853
1.399978, 103.903853
1.393174, 103.906494
1.395616, 103.897942
1.394133, 103.895444
1.375774, 103.899966
1.384537, 103.880589
1.398063, 103.915453
1.388212, 103.897871
1.390594, 103.902213
1.403508, 103.903717
1.39323, 103.891351
1.395222, 103.904809
1.387065, 103.892736
1.369954, 103.881218
1.395222, 103.904809
1.395222, 103.904809
1.40099, 103.912928
1.395222, 103.904809
1.399684, 103.903378
1.378493, 103.884016
1.395222, 103.904809
1.380011, 103.89874
1.409323, 103.900802
1.401273, 103.907765
1.40072, 103.898485
1.379361, 103.892036
1.376972, 103.888864
1.395222, 103.904809
1.371694, 103.887729
1.399774, 103.90685
1.38206, 103.902355
1.392498, 103.870189
1.403514, 103.90089
1.391109, 103.907428
1.393494, 103.894408
1.395222, 103.904809
1.396245, 103.907087
1.389004, 103.876069
1.402794, 103.915879
1.402147, 103.907832
1.387725, 103.893508
1.368494, 103.899118
1.396079, 103.896728
1.400392, 103.871499
1.395108, 103.891456
1.370634, 103.889799
1.395817, 103.90093
1.394737, 103.900965
1.375407, 103.903037
1.373483, 103.887464
1.408701, 103.901327
1.393399, 103.876291
1.405898, 103.909182
1.39639, 103.875133
1.396041, 103.874555
1.397639, 103.899287
1.384523, 103.899762
1.394596, 103.881117
1.401623, 103.89398
1.376032, 103.881498
1.38346, 103.901384
1.389941, 103.900721
1.385262, 103.904005
1.388475, 103.871769
1.392917, 103.88427
1.376672, 103.901955
1.375483, 103.881278
1.389559, 103.908817
1.400365, 103.917632
1.396366, 103.91425
1.373073, 103.896857
1.397678, 103.917556
1.392543, 103.878161
1.392849, 103.888821
1.395222, 103.904809
1.392818, 103.890814
1.395222, 103.904809
1.397135, 103.893903
1.373933, 103.90114
1.369701, 103.893757
1.398311, 103.908784
1.380907, 103.891873
1.390454, 103.905103
1.366209, 103.895145
1.380966, 103.90082
1.390009, 103.893454
1.378491, 103.889006
1.408947, 103.897926
1.390009, 103.893454
1.393505, 103.897097
1.396093, 103.888721
1.38917, 103.90593
1.391417, 103.885872
1.382579, 103.897225
1.380554, 103.893561
1.386162, 103.892279
1.389022, 103.891728
1.396185, 103.910562
1.405623, 103.89647
1.395222, 103.904809
1.403746, 103.909883
1.402794, 103.915879
1.37716, 103.87968
1.380011, 103.89874
1.378145, 103.901767
1.393807, 103.885616
1.385145, 103.899291
1.404997, 103.898519
1.398028, 103.917899
1.403652, 103.914095
1.379735, 103.890206
1.387884, 103.872442
1.396194, 103.879992
1.389492, 103.90966
1.405246, 103.896411
1.394329, 103.90598
1.390199, 103.894576
1.401685, 103.916262
1.416412, 103.901127
1.393862, 103.88854
1.389533, 103.901395
1.37404, 103.884391
1.392386, 103.897648
1.374823, 103.891367
1.387065, 103.892736
1.396829, 103.901187
1.383451, 103.881983
1.395108, 103.891456
1.399204, 103.906741
1.40362, 103.915525
1.407754, 103.900906
1.369219, 103.881883
1.386178, 103.902619
1.379559, 103.891414
1.402733, 103.900463
1.409852, 103.901995
1.40299, 103.895008
1.405352, 103.906251
1.373236, 103.881702
1.394299, 103.875111
1.385079, 103.895853
1.392543, 103.878161
1.405575, 103.897926
1.395222, 103.904809
1.395222, 103.904809
1.395222, 103.904809
1.409711, 103.899898
1.395222, 103.904809
1.375921, 103.88919
1.400186, 103.900097
1.396678, 103.906579
1.372211, 103.88819
1.395222, 103.904809
1.38765, 103.898706
1.400309, 103.898075
1.395222, 103.904809
1.386649, 103.902725
1.395222, 103.904809
1.391942, 103.889018
1.395222, 103.904809
1.403745, 103.900319
1.368307, 103.895988
1.41685, 103.902137
1.400654, 103.900349
1.398647, 103.897003
1.398555, 103.917002
1.386162, 103.892279
1.395069, 103.881105
1.38272, 103.897362
1.376064, 103.887939
1.405402, 103.89591
1.390945, 103.881016
1.398778, 103.902911
1.41758, 103.902672
1.395222, 103.904809
1.395222, 103.904809
1.402147, 103.907832
1.395222, 103.904809
1.399309, 103.900792
1.387438, 103.896932
1.403258, 103.902009
1.378309, 103.903842
1.398063, 103.915453
1.388355, 103.901271
1.38906, 103.902401
1.397769, 103.888236
1.375423, 103.894729
1.403162, 103.903508
1.37795, 103.904346
1.40074, 103.911718
1.380933, 103.893819
1.375266, 103.881751
1.375782, 103.904196
1.394097, 103.894422
1.393907, 103.884507
1.389001, 103.892763
1.398014, 103.892757
1.384932, 103.901558
1.387652, 103.895336
1.389016, 103.877155
1.372401, 103.901231
1.381008, 103.901156
1.385768, 103.882467
1.417738, 103.902934
1.363832, 103.890738
1.404776, 103.899646
1.374502, 103.89571
1.398734, 103.8967
1.389445, 103.902653
1.39145, 103.908743
1.384839, 103.883129
1.383758, 103.880172
1.395222, 103.904809
1.403589, 103.892959
1.385775, 103.893066
1.405884, 103.910159
1.392936, 103.872998
1.37573, 103.878187
1.402436, 103.916914
1.389895, 103.88592
1.397199, 103.906826
1.375038, 103.90391
1.402523, 103.901296
1.402203, 103.89757
1.38897, 103.903045
1.369137, 103.884695
1.391397, 103.890466
1.401956, 103.892811
1.374375, 103.903485
1.385956, 103.894655
1.391234, 103.912408
1.393621, 103.914224
1.366209, 103.895145
1.375983, 103.895426
1.391767, 103.873323
1.389479, 103.893279
1.37404, 103.884391
1.396941, 103.905729
1.389146, 103.887872
1.394722, 103.909874
1.386615, 103.906024
1.392335, 103.910181
1.386481, 103.89674
1.396041, 103.874555
1.361873, 103.889557
1.376298, 103.88218
1.391351, 103.895997
1.388295, 103.903159
1.390334, 103.891003
1.384656, 103.899257
1.389146, 103.887872
1.373184, 103.900353
1.396646, 103.893956
1.389264, 103.896575
1.395222, 103.904809
1.407754, 103.900906
1.403652, 103.914095
1.402605, 103.911427
1.373778, 103.90297
1.398778, 103.902911
1.395222, 103.904809
1.395222, 103.904809
1.379539, 103.879954
1.401126, 103.912463
1.396041, 103.874555
1.389947, 103.90945
1.400647, 103.906007
1.395222, 103.904809
1.392826, 103.88021
1.389951, 103.895619
1.390485, 103.88051
1.372849, 103.877603
1.381184, 103.87984
1.390496, 103.906157
1.377532, 103.884019
1.385728, 103.89186
1.395222, 103.904809
1.395522, 103.902214
1.3805, 103.891706
1.390496, 103.906157
1.374375, 103.903485
1.4, 103.890076
1.385416, 103.892986
1.395616, 103.897942
1.389033, 103.8873
1.380637, 103.89368
1.395222, 103.904809
1.378781, 103.895154
1.390009, 103.893454
1.393592, 103.873976
1.4028, 103.892844
1.390474, 103.894318
1.394732, 103.879609
1.395222, 103.904809
1.395222, 103.904809
1.385768, 103.882467
1.395222, 103.904809
1.402402, 103.894935
1.39018, 103.889049
1.395222, 103.904809
1.387262, 103.893008
1.397769, 103.888236
1.386092, 103.891561
1.378309, 103.903842
1.38246, 103.902239
1.392246, 103.89979
1.371876, 103.898239
1.375507, 103.90278
1.380816, 103.891215
1.389344, 103.903082
1.39166, 103.869883
1.394827, 103.878003
1.369219, 103.881883
1.406404, 103.905958
1.392386, 103.897648
1.372211, 103.88819
1.393174, 103.906494
1.395222, 103.904809
1.395222, 103.904809
1.389833, 103.907856
1.39325, 103.899823
1.396124, 103.909284
1.393174, 103.906494
1.396079, 103.896728
1.394579, 103.891425
1.395222, 103.904809
1.388019, 103.874295
1.37404, 103.884391
1.398799, 103.872249
1.388419, 103.907242
1.390699, 103.907209
1.396953, 103.915738
1.386468, 103.88161
1.392092, 103.910022
1.395222, 103.904809
1.396041, 103.874555
1.373879, 103.877932
1.401417, 103.91576
1.394836, 103.900697
1.397945, 103.893052
1.37614, 103.893824
1.386178, 103.902619
1.38206, 103.902355
1.389939, 103.87648
1.40597, 103.896803
1.417711, 103.901708
1.395222, 103.904809
1.388269, 103.875272
1.396041, 103.880735
1.39633, 103.898596
1.400309, 103.898075
1.381185, 103.902575
1.400676, 103.9047
1.410036, 103.89638
1.40152, 103.891565
1.368615, 103.884936
1.372126, 103.879794
1.397544, 103.889325
1.390485, 103.88051
1.384656, 103.899257
1.382282, 103.891118
1.369716, 103.897624
1.375983, 103.895426
1.401572, 103.902619
1.378805, 103.894284
1.378952, 103.886777
1.369219, 103.881883
1.391577, 103.880682
1.38553, 103.881588
1.401956, 103.892811
1.369716, 103.897624
1.390787, 103.893415
1.369137, 103.884695
1.373261, 103.894632
1.403652, 103.898532
1.398761, 103.904939
1.418439, 103.9016
1.394914, 103.888
1.373778, 103.90297
1.375218, 103.899995
1.375993, 103.903644
1.400828, 103.907938
1.36302, 103.894665
1.408902, 103.898408
1.37573, 103.878187
1.374438, 103.896698
1.403211, 103.904329
1.363217, 103.89193
1.376264, 103.901389
1.39002, 103.879574
1.404277, 103.908278
1.39633, 103.898596
1.398358, 103.889074
1.393189, 103.878692
1.369813, 103.882211
1.393189, 103.878692
1.395222, 103.904809
1.376628, 103.878799
1.393467, 103.892057
1.396207, 103.906147
1.376647, 103.886772
1.387759, 103.907729
1.412436, 103.899134
1.395167, 103.901789
1.406092, 103.895707
1.395222, 103.904809
1.395222, 103.904809
1.395222, 103.904809
1.395222, 103.904809
1.395222, 103.904809
1.395322, 103.891137
1.390665, 103.900252
1.388204, 103.889719
1.41024, 103.902144
1.37573, 103.878187
1.396742, 103.895331
1.395222, 103.904809
1.397721, 103.89772
1.395222, 103.904809
1.373564, 103.901692
1.388313, 103.893924
1.3805, 103.891706
1.399676, 103.915392
1.404172, 103.906186
1.394596, 103.881117
1.405005, 103.910402
1.409323, 103.900802
1.394732, 103.879609
1.373184, 103.900353
1.395222, 103.904809
1.393194, 103.880719
1.402706, 103.905308
1.395222, 103.904809
1.386468, 103.88161
1.395222, 103.904809
1.373958, 103.879695
1.393174, 103.906494
1.394957, 103.909634
1.399631, 103.9208
1.399407, 103.908431
1.382374, 103.880955
1.392544, 103.891777
1.395222, 103.904809
1.404536, 103.914013
1.392138, 103.872491
1.388968, 103.895658
1.393592, 103.873976
1.395001, 103.881565
1.392535, 103.880567
1.392092, 103.910022
1.381278, 103.891402
1.382905, 103.893713
1.370681, 103.887135
1.390929, 103.912165
1.377171, 103.895401
1.388834, 103.871071
1.370634, 103.889799
1.391342, 103.891904
1.38047, 103.880038
1.369285, 103.897135
1.405575, 103.897926
1.393173, 103.910055
1.394048, 103.873346
1.371464, 103.884745
1.39044, 103.898664
1.375183, 103.900406
1.407754, 103.900906
1.391942, 103.889018
1.39894, 103.916373
1.368744, 103.896797
1.368744, 103.896797
1.381004, 103.897888
1.392935, 103.896918
1.397626, 103.907358
1.395001, 103.881565
1.374823, 103.891367
1.387998, 103.872126
1.37176, 103.881456
1.378145, 103.901767
1.369813, 103.882211
1.374651, 103.881223
1.368307, 103.895988
1.382658, 103.89944
1.406452, 103.902661
1.395222, 103.904809
1.375993, 103.903644
1.390496, 103.906157
1.37676, 103.90405
1.395222, 103.904809
1.395222, 103.904809
1.379564, 103.880454
1.390008, 103.892034
1.367788, 103.89393
1.396647, 103.893642
1.374745, 103.879297
1.398557, 103.908509
1.393174, 103.906494
1.403878, 103.895239
1.389901, 103.887121
1.392936, 103.872998
1.373425, 103.891857
1.379522, 103.894768
1.381605, 103.891712
1.398366, 103.917379
1.404997, 103.898519
1.394732, 103.879609
1.374823, 103.891367
1.395222, 103.904809
1.395222, 103.904809
1.395222, 103.904809
1.395222, 103.904809
1.395222, 103.904809
1.395222, 103.904809
1.396806, 103.905054
1.369488, 103.884789
1.373373, 103.877661
1.401372, 103.906486
1.404263, 103.915371
1.388204, 103.889719
1.387962, 103.901374
1.379181, 103.903044
1.395222, 103.904809
1.395222, 103.904809
1.373184, 103.900353
1.392917, 103.88427
1.373483, 103.887464
1.386551, 103.906741
1.370634, 103.889799
1.395222, 103.904809
1.395222, 103.904809
1.39145, 103.908743
1.395222, 103.904809
1.374913, 103.884294
1.399694, 103.914597
1.401126, 103.912463
1.395222, 103.904809
1.40431, 103.907413
1.389931, 103.886561
1.382268, 103.895279
1.387957, 103.905852
1.375252, 103.888186
1.392484, 103.907225
1.392544, 103.899042
1.395222, 103.904809
1.401488, 103.904338
1.394496, 103.913979
1.387855, 103.908393
1.395222, 103.904809
1.389001, 103.892763
1.41758, 103.902672
1.393388, 103.898081
1.395222, 103.904809
1.377823, 103.890323
1.392543, 103.878161
1.395222, 103.904809
1.398778, 103.902911
1.399885, 103.911896
1.391218, 103.873553
1.404433, 103.897932
1.380612, 103.902117
1.394225, 103.892244
1.403861, 103.909541
1.394977, 103.912718
1.392832, 103.91062
1.392354, 103.906261
1.393907, 103.884507
1.384101, 103.880505
1.395222, 103.904809
1.376507, 103.903533
1.380958, 103.890981
1.402572, 103.904635
1.395222, 103.904809
1.395222, 103.904809
1.38206, 103.902355
1.384964, 103.903255
1.418626, 103.896776
1.390965, 103.88406
1.380297, 103.877266
1.378781, 103.895154
1.393069, 103.910698
1.375183, 103.900406
1.377528, 103.893603
1.375507, 103.90278
1.391098, 103.885761
1.395959, 103.899067
1.39553, 103.90886
1.363136, 103.893183
1.38928, 103.894346
1.378931, 103.900988
1.405832, 103.906791
1.380448, 103.879579
1.395222, 103.904809
1.397626, 103.907358
1.395222, 103.904809
1.372127, 103.881301
1.404142, 103.896364
1.396499, 103.880447
1.395222, 103.904809
1.395222, 103.904809
1.361607, 103.887463
1.400756, 103.90851
1.406426, 103.902238
1.395222, 103.904809
1.399664, 103.904496
1.361198, 103.887029
1.387652, 103.895336
1.407754, 103.900906
1.38808, 103.890153
1.376032, 103.881498
1.399468, 103.890705
1.389004, 103.876069
1.385522, 103.899866
1.401372, 103.906486
1.377093, 103.877867
1.397199, 103.906826
1.396241, 103.902633
1.375183, 103.900406
1.39003, 103.908485
1.378309, 103.903842
1.405597, 103.899491
1.391014, 103.880194
1.394732, 103.879609
1.373425, 103.891857
1.417205, 103.9032
1.374082, 103.893977
1.398752, 103.910881
1.401392, 103.918514
1.401763, 103.915959
1.389195, 103.888599
1.369004, 103.883355
1.397311, 103.899748
1.37573, 103.878187
1.381278, 103.891402
1.368518, 103.894584
1.370968, 103.886493
1.387079, 103.890776
1.394732, 103.879609
1.398163, 103.916714
1.408793, 103.896812
1.36299, 103.890464
1.374076, 103.890716
1.388297, 103.873546
1.393194, 103.880719
1.392917, 103.88427
1.399633, 103.911459
1.381284, 103.892005
1.382658, 103.89944
1.389545, 103.887444
1.37823, 103.879696
1.389999, 103.897699
1.386113, 103.882052
1.389041, 103.910719
1.372832, 103.881247
1.396984, 103.894399
1.38786, 103.90729
1.39786, 103.881233
1.3805, 103.891706
1.3928, 103.90561
1.39003, 103.908485
1.401763, 103.915959
1.392096, 103.892551
1.405623, 103.89647
1.393874, 103.899281
1.393189, 103.878692
1.372198, 103.90154
1.395616, 103.897942
1.398449, 103.888155
1.40152, 103.891565
1.390122, 103.895256
1.371151, 103.894474
1.367788, 103.89393
1.392746, 103.877422
1.390163, 103.877056
1.395222, 103.904809
1.376763, 103.878108
1.381185, 103.902575
1.393907, 103.884507
1.402794, 103.915879
1.393533, 103.87503
1.395222, 103.904809
1.39105, 103.888847
1.368494, 103.899118
1.361893, 103.889837
1.394732, 103.879609
1.404402, 103.905664
1.394268, 103.899752
1.399978, 103.903853
1.393069, 103.910698
1.370313, 103.885124
1.379392, 103.878284
1.399513, 103.909753
1.382337, 103.893608
1.396895, 103.87465
1.37295, 103.901045
1.398761, 103.904939
1.395222, 103.904809
1.401488, 103.904338
1.385079, 103.895853
1.401763, 103.915959
1.38872, 103.906869
1.369048, 103.89938
1.418439, 103.9016
1.377557, 103.887556
1.3958, 103.907556
1.403665, 103.907532
1.389016, 103.877155
1.395222, 103.904809
1.395399, 103.898745
1.404826, 103.898302
1.399774, 103.90685
1.39909, 103.912263
1.385307, 103.89787
1.368615, 103.884936
1.381721, 103.895198
1.398028, 103.917899
1.376659, 103.881516
1.38206, 103.902355
1.391007, 103.879606
1.393829, 103.888916
1.382497, 103.900321
1.394002, 103.908628
1.39786, 103.881233
1.392504, 103.904484
1.397116, 103.894223
1.3899, 103.90607
1.370691, 103.881519
1.388269, 103.875272
1.405324, 103.913281
1.395222, 103.904809
1.397402, 103.881338
1.394085, 103.886939
1.363821, 103.889573
1.395561, 103.904022
1.395222, 103.904809
1.397946, 103.905945
1.401797, 103.915278
1.388204, 103.889719
1.395222, 103.904809
1.394684, 103.890868
1.401488, 103.904338
1.362822, 103.891047
1.389672, 103.888614
1.391903, 103.902985
1.372211, 103.88819
1.395222, 103.904809
1.387759, 103.907729
1.408947, 103.897926
1.37794, 103.886977
1.390945, 103.881016
1.368494, 103.899118
1.39003, 103.908485
1.402041, 103.914141
1.381185, 103.902575
1.405623, 103.89647
1.39105, 103.888847
1.400598, 103.89892
1.37913, 103.890376
1.39105, 103.888847
1.402822, 103.892154
1.397402, 103.881338
1.380509, 103.89326
1.396041, 103.874555
1.395222, 103.904809
1.395222, 103.904809
1.385087, 103.898737
1.40472, 103.904968
1.395314, 103.879774
1.376672, 103.901955
1.393174, 103.906494
1.399513, 103.909753
1.397402, 103.881338
1.36302, 103.894665
1.398164, 103.891975
1.379118, 103.894291
1.398939, 103.910538
1.387424, 103.889849
1.395222, 103.904809
1.38822, 103.870816
1.395222, 103.904809
1.401126, 103.893478
1.395222, 103.904809
1.361252, 103.887231
1.398516, 103.910141
1.383587, 103.902524
1.402736, 103.902352
1.36413, 103.89312
1.380933, 103.893819
1.393174, 103.906494
1.392543, 103.878161
1.372226, 103.89464
1.393804, 103.90581
1.387532, 103.892967
1.398285, 103.916255
1.377528, 103.893603
1.409711, 103.899898
1.366895, 103.896017
1.389947, 103.90945
1.399731, 103.900732
1.373842, 103.89583
1.398462, 103.889969
1.390053, 103.875941
1.408947, 103.897926
1.373425, 103.891857
1.395222, 103.904809
1.370167, 103.882224
1.403782, 103.8973
1.385046, 103.881167
1.385307, 103.89787
1.373184, 103.900353
1.393173, 103.910055
1.395335, 103.911434
1.369877, 103.891413
1.392938, 103.870197
1.397672, 103.905599
1.37174, 103.899
1.404534, 103.895666
1.395167, 103.901789
1.368307, 103.895988
1.376633, 103.879384
1.390594, 103.902213
1.399432, 103.917511
1.403652, 103.914095
1.385012, 103.894415
1.396324, 103.877422
1.384523, 103.899762
1.382658, 103.89944
1.395222, 103.904809
1.386818, 103.897547
1.361992, 103.888827
1.3685, 103.889322
1.378162, 103.89069
1.39422, 103.903054
1.395222, 103.904809
1.395222, 103.904809
1.417711, 103.901708
1.408262, 103.898018
1.378433, 103.888023
1.390958, 103.912947
1.404171, 103.900581
1.383353, 103.903221
1.386353, 103.904835
1.401488, 103.904338
1.400654, 103.914187
1.395222, 103.904809
1.374569, 103.877524
1.402551, 103.903557
1.394299, 103.874547
1.395222, 103.904809
1.395222, 103.904809
1.375686, 103.896284
1.403474, 103.897938
1.397539, 103.88908
1.397267, 103.904538
1.392888, 103.906921
1.390454, 103.905103
1.395222, 103.904809
1.395222, 103.904809
1.400747, 103.919149
1.393547, 103.874486
1.36413, 103.89312
1.401488, 103.904338
1.401488, 103.904338
1.416189, 103.900165
1.395222, 103.904809
1.389799, 103.880644
1.39639, 103.875133
1.419657, 103.904007
1.392094, 103.89498
1.402378, 103.90304
1.370167, 103.882224
1.370025, 103.898572
1.394325, 103.903468
1.390699, 103.907209
1.398449, 103.888155
1.373166, 103.902472
1.387882, 103.898019
1.399631, 103.9208
1.402605, 103.911427
1.40398, 103.899455
1.386409, 103.902222
1.40204, 103.890119
1.403492, 103.914765
1.375774, 103.899966
1.395222, 103.904809
1.398149, 103.915781
1.395222, 103.904809
1.419169, 103.902816
1.367788, 103.89393
1.417711, 103.901708
1.369283, 103.894071
1.373261, 103.894632
1.379934, 103.888654
1.391875, 103.877855
1.402131, 103.897828
1.369219, 103.881883
1.390787, 103.893415
1.370681, 103.887135
1.38553, 103.881588
1.393644, 103.883895
1.395222, 103.904809
1.391767, 103.873323
1.388268, 103.897668
1.395222, 103.904809
1.403739, 103.904177
1.37748, 103.89034
1.373425, 103.891857
1.372615, 103.901863
1.372746, 103.889042
1.38553, 103.881588
1.375745, 103.885413
1.375218, 103.899995
1.401653, 103.890713
1.37252, 103.88483
1.395222, 103.904809
1.394732, 103.879609
1.395787, 103.906618
1.391778, 103.906213
1.376698, 103.887541
1.395222, 103.904809
1.395222, 103.904809
1.376082, 103.902722
1.399664, 103.904496
1.374093, 103.90326
1.395167, 103.901789
1.395222, 103.904809
1.409711, 103.899898
1.380966, 103.90082
1.391351, 103.895997
1.389799, 103.880644
1.392693, 103.899877
1.3805, 103.891706
1.380027, 103.889496
1.386818, 103.897547
1.395222, 103.904809
1.419657, 103.904007
1.395222, 103.904809
1.412069, 103.899974
1.40362, 103.915525
1.400186, 103.900097
1.386968, 103.89726
1.394002, 103.908628
1.37757, 103.883566
1.385416, 103.892986
1.369701, 103.893757
1.408701, 103.901327
1.393466, 103.88793
1.390529, 103.905609
1.395222, 103.904809
1.408793, 103.896812
1.395222, 103.904809
1.395222, 103.904809
1.398568, 103.892634
1.396533, 103.895864
1.390163, 103.877056
1.404776, 103.899646
1.395222, 103.904809
1.406092, 103.895707
1.372858, 103.901875
1.373453, 103.877373
1.395222, 103.904809
1.40299, 103.895008
1.392888, 103.906921
1.395222, 103.904809
1.398557, 103.908509
1.409323, 103.900802
1.398647, 103.897003
1.400528, 103.919757
1.393628, 103.901775
1.37931, 103.902828
1.373047, 103.881936
1.363721, 103.894827
1.404448, 103.90543
1.380816, 103.891215
1.393847, 103.880515
1.376442, 103.890134
1.369716, 103.897624
1.372401, 103.901231
1.402436, 103.916914
1.388844, 103.880083
1.390929, 103.912165
1.402523, 103.901296
1.392535, 103.880567
1.396941, 103.905729
1.369285, 103.897135
1.374152, 103.87836
1.395222, 103.904809
1.400344, 103.910541
1.389659, 103.908293
1.39415, 103.909596
1.391184, 103.873946
1.370212, 103.879116
1.394085, 103.886939
1.388131, 103.89726
1.379489, 103.893849
1.393517, 103.883643
1.373425, 103.891857
1.376129, 103.882895
1.378812, 103.90423
1.389479, 103.893279
1.388429, 103.874323
1.408262, 103.898018
1.378162, 103.89069
1.372809, 103.877861
1.369617, 103.896613
1.38906, 103.902401
1.36808, 103.898545
1.403878, 103.895239
1.394732, 103.879609
1.373728, 103.897222
1.392917, 103.88427
1.382952, 103.897863
1.395934, 103.910882
1.393972, 103.877135
1.373483, 103.879778
1.389195, 103.90865
1.394732, 103.879609
1.371276, 103.880059
1.398481, 103.90525
1.373851, 103.881882
1.395222, 103.904809
1.395222, 103.904809
1.395222, 103.904809
1.392917, 103.88427
1.392501, 103.892333
1.388269, 103.875272
1.404277, 103.908278
1.388791, 103.87298
1.40362, 103.915525
1.395222, 103.904809
1.399928, 103.911047
1.409711, 103.899898
1.382155, 103.902852
1.407956, 103.896401
1.395222, 103.904809
1.393685, 103.886407
1.390751, 103.897947
1.392178, 103.888323
1.375964, 103.887424
1.395222, 103.904809
1.395222, 103.904809
1.395222, 103.904809
1.37589, 103.902995
1.393561, 103.914861
1.395222, 103.904809
1.387566, 103.894821
1.393174, 103.906494
1.393174, 103.906494
1.388764, 103.876212
1.395953, 103.881504
1.390562, 103.892266
1.399007, 103.906991
1.373379, 103.882388
1.389373, 103.90371
1.395222, 103.904809
1.379323, 103.904191
1.395222, 103.904809
1.36302, 103.894665
1.38476, 103.893939
1.396478, 103.879494
1.375921, 103.88919
1.39424, 103.894972
1.394732, 103.879609
1.362277, 103.891329
1.370567, 103.880592
1.40151, 103.89542
1.366339, 103.896205
1.393747, 103.914002
1.392096, 103.892551
1.386649, 103.902725
1.405879, 103.899983
1.361338, 103.888957
1.374471, 103.893091
1.376298, 103.900221
1.380011, 103.89874
1.406398, 103.908806
1.396772, 103.881104
1.393728, 103.889723
1.395314, 103.879774
1.373313, 103.886368
1.382273, 103.880129
1.387712, 103.899302
1.395825, 103.898498
1.369048, 103.89938
1.392335, 103.910181
1.390556, 103.900838
1.410036, 103.89638
1.378788, 103.896369
1.375637, 103.888739
1.401523, 103.894628
1.395069, 103.881105
1.402572, 103.904635
1.391767, 103.873323
1.398366, 103.917379
1.381922, 103.890873
1.391184, 103.873946
1.376507, 103.903533
1.393323, 103.894891
1.394732, 103.879609
1.37995, 103.890439
1.367788, 103.89393
1.405122, 103.899756
1.395222, 103.904809
1.393174, 103.906494
1.383492, 103.900312
1.405575, 103.897926
1.390811, 103.885496
1.395222, 103.904809
1.375038, 103.90391
1.391839, 103.887996
1.396562, 103.894238
1.395222, 103.904809
1.395222, 103.904809
1.372766, 103.887619
1.39424, 103.894972
1.396124, 103.909284
1.418927, 103.902358
1.394732, 103.879609
1.37174, 103.899
1.381864, 103.894481
1.409323, 103.900802
1.401488, 103.904338
1.390163, 103.877056
1.369746, 103.898841
1.397238, 103.914915
1.395222, 103.904809
1.392484, 103.907225
1.393542, 103.912428
1.375266, 103.881751
1.387136, 103.894449
1.370252, 103.886156
1.388713, 103.897756
1.375435, 103.893743
1.390163, 103.877056
1.411394, 103.897032
1.364779, 103.894421
1.395222, 103.904809
1.375297, 103.877732
1.391184, 103.873946
1.392644, 103.901745
1.376042, 103.90422
1.396499, 103.880447
1.376672, 103.901955
1.392315, 103.87697
1.400408, 103.913751
1.393996, 103.900183
1.398922, 103.909311
1.389939, 103.87648
1.395616, 103.897942
1.401175, 103.904932
1.395222, 103.904809
1.375545, 103.880605
1.395222, 103.904809
1.412256, 103.899576
1.402041, 103.914141
1.376298, 103.900221
1.389146, 103.887872
1.404559, 103.897505
1.397238, 103.914915
1.385768, 103.882467
1.385795, 103.905414
1.389836, 103.894154
1.385079, 103.895853
1.40069, 103.897008
1.400309, 103.898075
1.394434, 103.895864
1.396324, 103.877422
1.396533, 103.895864
1.381286, 103.896543
1.395222, 103.904809
1.393533, 103.87503
1.395222, 103.904809
1.361873, 103.889557
1.395222, 103.904809
1.394732, 103.879609
1.375119, 103.890726
1.396241, 103.902633
1.38765, 103.898706
1.39595, 103.890468
1.389545, 103.887444
1.361252, 103.887231
1.419169, 103.902816
1.398833, 103.905784
1.369878, 103.88986
1.387438, 103.896932
1.395222, 103.904809
1.395222, 103.904809
1.397455, 103.87801
1.395337, 103.87446
1.389103, 103.904819
1.390699, 103.907209
1.400669, 103.910949
1.40299, 103.895008
1.375232, 103.886025
1.408007, 103.899074
1.401488, 103.904338
1.400828, 103.907938
1.378167, 103.878366
1.375936, 103.901086
1.409323, 103.900802
1.395222, 103.904809
1.388518, 103.891083
1.403514, 103.90089
1.392836, 103.879678
1.386968, 103.89726
1.408976, 103.897025
1.395222, 103.904809
1.385993, 103.901021
1.394549, 103.911106
1.361873, 103.889557
1.396349, 103.901778
1.400065, 103.917852
1.394579, 103.891425
1.38765, 103.898706
1.392968, 103.911962
1.373879, 103.877932
1.390751, 103.897947
1.388844, 103.880083
1.393394, 103.876645
1.405296, 103.909203
1.387856, 103.894681
1.386113, 103.882052
1.394133, 103.895444
1.395222, 103.904809
1.395222, 103.904809
1.382874, 103.894604
1.405527, 103.909858
1.394732, 103.879609
1.369285, 103.897135
1.374807, 103.887708
1.385768, 103.882467
1.391342, 103.891904
1.408793, 103.896812
1.370691, 103.881519
1.378853, 103.90248
1.374569, 103.877524
1.38897, 103.903045
1.401488, 103.904338
1.39018, 103.889049
1.379323, 103.904191
1.389833, 103.907856
1.396316, 103.881167
1.388268, 103.897668
1.39271, 103.893
1.395069, 103.881105
1.377461, 103.891273
1.394732, 103.879609
1.395222, 103.904809
1.392354, 103.906261
1.408317, 103.897053
1.372226, 103.89464
1.396349, 103.901778
1.38529, 103.891907
1.394329, 103.90598
1.37161, 103.886062
1.392968, 103.869572
1.393903, 103.913777
1.393747, 103.914002
1.403116, 103.902287
1.39459, 103.878281
1.394977, 103.912718
1.393672, 103.894793
1.379888, 103.878385
1.388997, 103.875148
1.396984, 103.894399
1.381284, 103.902878
1.398033, 103.903073
1.391218, 103.873553
1.388643, 103.903636
1.402004, 103.918326
1.394949, 103.877567
1.395222, 103.904809
1.362206, 103.894742
1.385079, 103.895853
1.395222, 103.904809
1.390454, 103.905103
1.378133, 103.891731
1.389195, 103.873437
1.381076, 103.899845
1.403514, 103.90089
1.392644, 103.901745
1.388256, 103.900018
1.400491, 103.911983
1.390665, 103.900252
1.395718, 103.875133
1.382156, 103.900712
1.390009, 103.893454
1.389307, 103.891098
1.402378, 103.90304
1.403745, 103.900319
1.395222, 103.904809
1.381909, 103.896656
1.375218, 103.899995
1.40062, 103.916517
1.406937, 103.902908
1.39156, 103.905404
1.406211, 103.909369
1.376823, 103.884083
1.395222, 103.904809
1.386162, 103.892092
1.375119, 103.890726
1.383587, 103.902524
1.367758, 103.895547
1.395222, 103.904809
1.408317, 103.897053
1.379559, 103.891414
1.391351, 103.895997
1.391704, 103.886137
1.378092, 103.88899
1.401488, 103.904338
1.395222, 103.904809
1.39007, 103.907273
1.377743, 103.878389
1.389045, 103.879415
1.386691, 103.905112
1.389833, 103.907856
1.368491, 103.887845
1.395222, 103.904809
1.392818, 103.890814
1.387096, 103.905723
1.378167, 103.878366
1.37948, 103.893202
1.369283, 103.894071
1.384308, 103.882226
1.407767, 103.899581
1.398253, 103.917626
1.395222, 103.904809
1.376829, 103.900641
1.370736, 103.895121
1.389583, 103.879477
1.37573, 103.878187
1.381216, 103.900167
1.369242, 103.89597
1.373047, 103.881936
1.392988, 103.912883
1.398669, 103.892184
1.395069, 103.881105
1.405884, 103.910159
1.401886, 103.904917
1.372736, 103.894629
1.405832, 103.906791
1.392832, 103.91062
1.373117, 103.888016
1.398449, 103.888155
1.38721, 103.900708
1.392818, 103.890814
1.395445, 103.912465
1.416751, 103.900541
1.385752, 103.894255
1.394732, 103.879609
1.395222, 103.904809
1.395332, 103.879514
1.395222, 103.904809
1.39422, 103.903054
1.393907, 103.884507
1.380452, 103.879333
1.395222, 103.904809
1.375756, 103.890288
1.370974, 103.885926
1.389672, 103.888614
1.395222, 103.904809
1.395672, 103.890125
1.381808, 103.900893
1.394579, 103.891425
1.377461, 103.891273
1.361252, 103.887231
1.381199, 103.880162
1.396499, 103.880447
1.395222, 103.904809
1.369488, 103.884789
1.40759, 103.910924
1.395222, 103.904809
1.373373, 103.877661
1.402004, 103.918326
1.36968, 103.898337
1.395222, 103.904809
1.39001, 103.895464
1.37614, 103.893824
1.39145, 103.908743
1.396666, 103.913233
1.369842, 103.883698
1.392693, 103.899877
1.39351, 103.909107
1.401269, 103.915974
1.392151, 103.887563
1.395222, 103.904809
1.400491, 103.911983
1.403665, 103.907532
1.368494, 103.899118
1.38887, 103.904296
1.367505, 103.897418
1.405324, 103.913281
1.38786, 103.90729
1.386185, 103.900551
1.398922, 103.909311
1.395222, 103.904809
1.411353, 103.900615
1.395222, 103.904809
1.39036, 103.908077
1.387509, 103.906144
1.374745, 103.879297
1.374375, 103.903485
1.385768, 103.882467
1.395222, 103.904809
1.395222, 103.904809
1.400647, 103.906007
1.389375, 103.895055
1.403492, 103.914765
1.40196, 103.901779
1.402059, 103.891879
1.393069, 103.910698
1.394268, 103.899752
1.382268, 103.895279
1.402393, 103.910697
1.395222, 103.904809
1.375266, 103.881751
1.405214, 103.899477
1.384456, 103.896253
1.397946, 103.896377
1.395222, 103.904809
1.389799, 103.880644
1.395222, 103.904809
1.390299, 103.886489
1.399007, 103.906991
1.395222, 103.904809
1.391778, 103.906213
1.402436, 103.916914
1.394836, 103.900697
1.393394, 103.876645
1.403584, 103.909264
1.391184, 103.873946
1.373879, 103.877932
1.400669, 103.910949
1.379934, 103.888654
1.36921, 103.897536
1.399774, 103.90685
1.374026, 103.882804
1.376793, 103.903155
1.375983, 103.895426
1.37795, 103.904346
1.402551, 103.903557
1.394732, 103.879609
1.396896, 103.877785
1.372809, 103.877861
1.412405, 103.900178
1.395222, 103.904809
1.398523, 103.902112
1.375964, 103.887424
1.406093, 103.905395
1.407898, 103.897371
1.377219, 103.880282
1.404885, 103.896351
1.41758, 103.902672
1.370841, 103.884236
1.406978, 103.911041
1.380217, 103.899857
1.373654, 103.882869
1.395222, 103.904809
1.390163, 103.877056
1.389711, 103.878686
1.392832, 103.91062
1.38928, 103.894346
1.376459, 103.894857
1.373047, 103.881936
1.378066, 103.884041
1.397359, 103.910119
1.395222, 103.904809
1.391577, 103.870445
1.394153, 103.886574
1.405623, 103.89647
1.402359, 103.895494
1.382374, 103.880955
1.407754, 103.900906
1.391351, 103.895997
1.380554, 103.893561
1.390699, 103.907209
1.395222, 103.904809
1.390905, 103.885025
1.398115, 103.892226
1.395222, 103.904809
1.395222, 103.904809
1.389799, 103.880644
1.388664, 103.900754
1.36931, 103.891525
1.373286, 103.880414
1.395225, 103.916001
1.401175, 103.904932
1.361999, 103.888343
1.400065, 103.917852
1.393889, 103.877495
1.384175, 103.903384
1.393747, 103.914002
1.395222, 103.904809
1.366895, 103.896017
1.394579, 103.891425
1.392126, 103.907508
1.401523, 103.894628
1.398358, 103.889074
1.379055, 103.901928
1.393644, 103.883895
1.418439, 103.9016
1.402541, 103.897961
1.395222, 103.904809
1.386162, 103.892279
1.396207, 103.906147
1.386899, 103.894772
1.395222, 103.904809
1.39553, 103.90886
1.395222, 103.904809
1.396041, 103.880735
1.395222, 103.904809
1.401488, 103.904338
1.392029, 103.88374
1.375921, 103.88919
1.38346, 103.901384
1.403983, 103.908664
1.38556, 103.896745
1.398444, 103.897809
1.385795, 103.905414
1.395222, 103.904809
1.363767, 103.895315
1.371151, 103.894474
1.395222, 103.904809
1.404265, 103.905895
1.40062, 103.916517
1.361777, 103.891668
1.395222, 103.904809
1.397744, 103.888583
1.410907, 103.901186
1.395222, 103.904809
1.394732, 103.879609
1.387865, 103.904673
1.401383, 103.916582
1.37614, 103.893824
1.395222, 103.904809
1.399928, 103.911047
1.375756, 103.890288
1.38553, 103.881588
1.419657, 103.904007
1.3734, 103.890974
1.375774, 103.899966
1.391306, 103.90833
1.388844, 103.880083
1.376371, 103.88352
1.379511, 103.879377
1.372736, 103.894629
1.388834, 103.895315
1.416945, 103.902802
1.395222, 103.904809
1.37174, 103.899
1.387856, 103.894681
1.390905, 103.884683
1.361699, 103.89084
1.401463, 103.900761
1.373483, 103.879778
1.408793, 103.896812
1.390474, 103.894318
1.393399, 103.876291
1.394153, 103.886574
1.396806, 103.905054
1.3951, 103.895471
1.381922, 103.890873
1.393561, 103.914861
1.407754, 103.900906
1.40362, 103.915525
1.397946, 103.905945
1.369137, 103.884695
1.408701, 103.901327
1.390496, 103.906157
1.404433, 103.897932
1.384642, 103.897952
1.390556, 103.900838
1.408793, 103.896812
1.378931, 103.900988
1.398939, 103.910538
1.389016, 103.877155
1.392422, 103.870778
1.393194, 103.880719
1.385079, 103.895853
1.395222, 103.904809
1.395222, 103.904809
1.36931, 103.891525
1.39755, 103.895595
1.393542, 103.912428
1.395222, 103.904809
1.381893, 103.891374
1.402794, 103.915879
1.385768, 103.882467
1.395314, 103.879774
1.395222, 103.904809
1.395222, 103.904809
1.403682, 103.896461
1.393542, 103.912428
1.399007, 103.906991
1.391252, 103.884325
1.388297, 103.873546
1.388973, 103.909652
1.396079, 103.896728
1.39105, 103.888847
1.398734, 103.8967
1.406081, 103.906438
1.373692, 103.895116
1.393644, 103.883895
1.416631, 103.899488
1.397776, 103.916277
1.395222, 103.904809
1.401488, 103.904338
1.373728, 103.897222
1.388348, 103.873815
1.419657, 103.904007
1.401488, 103.904338
1.378092, 103.88899
1.383239, 103.89396
1.404698, 103.899899
1.391914, 103.872849
1.389672, 103.888614
1.404265, 103.905895
1.393174, 103.906494
1.39351, 103.909107
1.37252, 103.897006
1.376264, 103.901389
1.376623, 103.880796
1.378493, 103.884016
1.38272, 103.897362
1.393747, 103.914002
1.395222, 103.904809
1.394374, 103.876322
1.399661, 103.907235
1.389579, 103.895481
1.401582, 103.890311
1.395222, 103.904809
1.389789, 103.876097
1.397721, 103.89772
1.386162, 103.892092
1.363767, 103.895315
1.376636, 103.879787
1.376628, 103.878799
1.412436, 103.899134
1.386113, 103.882052
1.395222, 103.904809
1.390663, 103.912451
1.389195, 103.873437
1.395167, 103.901789
1.394549, 103.911106
1.385306, 103.90361
1.400065, 103.917852
1.380217, 103.899857
1.402857, 103.900067
1.408793, 103.896812
1.401886, 103.904917
1.400747, 103.919149
1.385795, 103.905414
1.388019, 103.874295
1.395763, 103.889467
1.40093, 103.897491
1.38476, 103.893939
1.403782, 103.8973
1.40362, 103.915525
1.395222, 103.904809
1.394732, 103.879609
1.38865, 103.889215
1.387652, 103.895336
1.385775, 103.893066
1.398682, 103.903211
1.376012, 103.902427
1.393174, 103.906494
1.395222, 103.904809
1.397769, 103.888236
1.397402, 103.881338
1.395222, 103.904809
1.386162, 103.892279
1.385768, 103.882467
1.404375, 103.904784
1.404291, 103.898319
1.38795, 103.895779
1.390514, 103.893671
1.401614, 103.912808
1.377557, 103.887556
1.373483, 103.879778
1.396646, 103.893956
1.392591, 103.889372
1.407754, 103.900906
1.382658, 103.89944
1.391184, 103.873946
1.403076, 103.904945
1.394732, 103.879609
1.390471, 103.909216
1.376298, 103.88218
1.383827, 103.881672
1.395222, 103.904809
1.394579, 103.891425
1.401273, 103.907765
1.397946, 103.905945
1.407767, 103.899581
1.395222, 103.904809
1.395222, 103.904809
1.395222, 103.904809
1.37795, 103.904346
1.39471, 103.880244
1.402881, 103.911042
1.395222, 103.904809
1.402329, 103.911811
1.392023, 103.905897
1.382337, 103.894511
1.403739, 103.904177
1.373261, 103.894632
1.395222, 103.904809
1.389836, 103.894154
1.392771, 103.909796
1.398778, 103.902911
1.392198, 103.898456
1.394133, 103.895444
1.395222, 103.904809
1.380612, 103.902117
1.408262, 103.898018
1.387563, 103.891211
1.371437, 103.881261
1.376264, 103.901389
1.395222, 103.904809
1.400068, 103.900399
1.397946, 103.896377
1.365729, 103.896625
1.40759, 103.910924
1.378478, 103.895892
1.395222, 103.904809
1.370095, 103.881673
1.395332, 103.879514
1.395222, 103.904809
1.401956, 103.892811
1.395222, 103.904809
1.391577, 103.880682
1.374152, 103.87836
1.387007, 103.891965
1.387288, 103.893598
1.390556, 103.900838
1.399513, 103.909753
1.408701, 103.901327
1.402004, 103.918326
1.40151, 103.89542
1.399309, 103.900792
1.395222, 103.904809
1.390009, 103.893454
1.387892, 103.888922
1.393436, 103.884812
1.417205, 103.9032
1.395173, 103.909282
1.385768, 103.882467
1.385079, 103.895853
1.392969, 103.885107
1.396041, 103.880735
1.366339, 103.896205
1.381922, 103.890873
1.395616, 103.897942
1.399961, 103.898984
1.384642, 103.897952
1.382497, 103.900321
1.360771, 103.889699
1.403762, 103.891554
1.375921, 103.88919
1.394732, 103.879609
1.397267, 103.904538
1.398071, 103.877933
1.396871, 103.87986
1.395312, 103.888015
1.388256, 103.900018
1.405214, 103.899477
1.36413, 103.89312
1.373483, 103.879778
1.395222, 103.904809
1.381917, 103.879804
1.395222, 103.904809
1.369285, 103.897135
1.3699, 103.896393
1.394732, 103.879609
1.376698, 103.887541
1.392818, 103.890814
1.39755, 103.895595
1.406452, 103.902661
1.411353, 103.900615
1.395222, 103.904809
1.394732, 103.879609
1.367788, 103.89393
1.406191, 103.911699
1.392284, 103.87358
1.40093, 103.897491
1.41758, 103.902672
1.418388, 103.895443
1.378853, 103.90248
1.398798, 103.915846
1.394085, 103.886939
1.39036, 103.908077
1.395222, 103.904809
1.390952, 103.891816
1.377155, 103.890479
1.402004, 103.918326
1.377205, 103.893288
1.393394, 103.876645
1.404939, 103.908157
1.380487, 103.88071
1.389195, 103.873437
1.386178, 103.902619
1.395222, 103.904809
1.392837, 103.903146
1.383005, 103.900272
1.392693, 103.899877
1.385768, 103.882467
1.391252, 103.884325
1.398163, 103.916714
1.396896, 103.877785
1.395222, 103.904809
1.394732, 103.879609
1.40151, 103.89542
1.395222, 103.904809
1.404536, 103.914013
1.409852, 103.901995
1.379861, 103.897745
1.378622, 103.885053
1.394579, 103.891425
1.395222, 103.904809
1.377918, 103.902765
1.391427, 103.889253
1.393174, 103.906494
1.387652, 103.895336
1.384544, 103.895002
1.380032, 103.879414
1.40093, 103.897491
1.401718, 103.907177
1.400254, 103.913954
1.388141, 103.905022
1.385816, 103.900207
1.390963, 103.889147
1.395222, 103.904809
1.395222, 103.904809
1.384308, 103.882226
1.389264, 103.896575
1.380712, 103.903082
1.37822, 103.87942
1.36808, 103.898545
1.37716, 103.87968
1.397776, 103.916277
1.395222, 103.904809
1.389373, 103.90371
1.390163, 103.877056
1.396316, 103.881167
1.415593, 103.905024
1.374082, 103.893977
1.403258, 103.902009
1.373243, 103.878274
1.378491, 103.889006
1.395222, 103.904809
1.394732, 103.879609
1.398682, 103.903211
1.377446, 103.888178
1.376371, 103.88352
1.375983, 103.895426
1.395222, 103.904809
1.374763, 103.890627
1.391417, 103.885872
1.3951, 103.895471
1.366339, 103.896205
1.380462, 103.901273
1.404052, 103.9053
1.395222, 103.904809
1.395816, 103.915018
1.401269, 103.915974
1.395222, 103.904809
1.379725, 103.881133
1.394325, 103.903468
1.391109, 103.907428
1.376672, 103.901955
1.395222, 103.904809
1.37174, 103.899
1.396896, 103.877785
1.40076, 103.899614
1.389799, 103.880644
1.402111, 103.914917
1.395222, 103.904809
1.37387, 103.880563
1.395222, 103.904809
1.409711, 103.899898
1.402581, 103.894017
1.396349, 103.901778
1.371546, 103.88062
1.379934, 103.888654
1.392888, 103.906921
1.395222, 103.904809
1.395222, 103.904809
1.402072, 103.91748
1.373958, 103.886898
1.402117, 103.911081
1.379252, 103.893162
1.395222, 103.904809
1.392426, 103.883897
1.364218, 103.895052
1.393906, 103.896732
1.382337, 103.894511
1.408976, 103.897025
1.402713, 103.907246
1.386398, 103.89996
1.385768, 103.882467
1.395718, 103.875133
1.397479, 103.8785
1.402617, 103.897699
1.387631, 103.908233
1.386899, 103.894772
1.388593, 103.898128
1.38795, 103.895779
1.395222, 103.904809
1.391577, 103.870445
1.390485, 103.88051
1.395222, 103.904809
1.383827, 103.901684
1.394732, 103.879609
1.36379, 103.891813
1.389135, 103.896316
1.396609, 103.905304
1.395222, 103.904809
1.401488, 103.904338
1.403145, 103.900666
1.403746, 103.909883
1.403116, 103.902287
1.395222, 103.904809
1.394374, 103.876322
1.395222, 103.904809
1.384273, 103.893821
1.398389, 103.898073
1.398462, 103.889969
1.392466, 103.873208
1.40074, 103.911718
1.384175, 103.903384
1.381185, 103.902575
1.390163, 103.877056
1.395083, 103.902774
1.369562, 103.880508
1.371151, 103.894474
1.395222, 103.904809
1.39351, 103.909107
1.402284, 103.902104
1.395222, 103.904809
1.392969, 103.885107
1.395222, 103.904809
1.395222, 103.904809
1.389344, 103.903082
1.378309, 103.903842
1.374651, 103.881223
1.395222, 103.904809
1.401488, 103.904338
1.395222, 103.904809
1.397046, 103.913718
1.406978, 103.911041
1.402903, 103.910058
1.405122, 103.899756
1.395717, 103.888065
1.392836, 103.879678
1.398163, 103.916714
1.395222, 103.904809
1.375232, 103.886025
1.397311, 103.899748
1.402794, 103.915879
1.404997, 103.898519
1.405352, 103.906251
1.39105, 103.888847
1.378919, 103.891779
1.386092, 103.891561
1.396829, 103.901187
1.382273, 103.880129
1.401133, 103.908073
1.375993, 103.903644
1.391184, 103.873946
1.40573, 103.908621
1.371426, 103.898137
1.401614, 103.912808
1.394732, 103.879609
1.407754, 103.900906
1.391839, 103.887996
1.384767, 103.895958
1.383283, 103.899641
1.390485, 103.88051
1.395222, 103.904809
1.402551, 103.903557
1.395222, 103.904809
1.393438, 103.87329
1.394325, 103.903468
1.391351, 103.895997
1.40362, 103.915525
1.40076, 103.899614
1.396895, 103.87465
1.395222, 103.904809
1.384767, 103.895958
1.395222, 103.904809
1.395222, 103.904809
1.396772, 103.881104
1.379725, 103.881133
1.404265, 103.905895
1.382095, 103.880613
1.395723, 103.915306
1.385728, 103.89186
1.372858, 103.901875
1.392543, 103.878161
1.397679, 103.897389
1.369219, 103.881883
1.381881, 103.890293
1.395222, 103.904809
1.402284, 103.902104
1.392888, 103.906921
1.394732, 103.879609
1.380217, 103.899857
1.394737, 103.900965
1.385768, 103.882467
1.379323, 103.904191
1.401488, 103.904338
1.388764, 103.876212
1.384642, 103.897952
1.409711, 103.899898
1.396193, 103.889722
1.37573, 103.878187
1.372408, 103.899433
1.395222, 103.904809
1.397769, 103.888236
1.390965, 103.88406
1.388351, 103.872467
1.395222, 103.904809
1.393323, 103.894891
1.394732, 103.879609
1.404534, 103.895666
1.373526, 103.902708
1.396609, 103.905304
1.386551, 103.906741
1.395222, 103.904809
1.398285, 103.916255
1.402187, 103.891043
1.402359, 103.895494
1.395222, 103.904809
1.378805, 103.894284
1.402706, 103.905308
1.376829, 103.900641
1.369972, 103.884738
1.408793, 103.896812
1.394732, 103.879609
1.383442, 103.896801
1.383587, 103.902524
1.399007, 103.906991
1.388127, 103.892743
1.401488, 103.904338
1.375921, 103.88919
1.381545, 103.895943
1.384932, 103.901558
1.395222, 103.904809
1.401492, 103.914459
1.379323, 103.904191
1.412188, 103.897456
1.395787, 103.906618
1.394329, 103.90598
1.402706, 103.905308
1.393323, 103.894891
1.37573, 103.878187
1.37573, 103.878187
1.388318, 103.872936
1.37295, 103.901045
1.395222, 103.904809
1.36499, 103.896826
1.406081, 103.906438
1.402157, 103.912148
1.373992, 103.877476
1.395222, 103.904809
1.4052, 103.898663
1.36921, 103.897536
1.396207, 103.906147
1.395222, 103.904809
1.395222, 103.904809
1.370062, 103.882823
1.381768, 103.891543
1.388188, 103.907146
1.419657, 103.904007
1.394002, 103.908628
1.388609, 103.895931
1.395222, 103.904809
1.39909, 103.912263
1.395222, 103.904809
1.398778, 103.902911
1.397358, 103.896195
1.392426, 103.883897
1.380907, 103.891873
1.40299, 103.895008
1.371437, 103.881261
1.407754, 103.900906
1.378167, 103.878366
1.405527, 103.909858
1.395225, 103.916001
1.399537, 103.889782
1.401701, 103.897128
1.392826, 103.88021
1.377789, 103.879445
1.373483, 103.887464
1.37176, 103.881456
1.368005, 103.894723
1.395222, 103.904809
1.392126, 103.907508
1.397035, 103.899331
1.392826, 103.88021
1.389776, 103.903969
1.37913, 103.890376
1.392746, 103.877422
1.395222, 103.904809
1.389195, 103.873437
1.404826, 103.898302
1.385307, 103.89787
1.395108, 103.891456
1.409852, 103.901995
1.384101, 103.880505
1.395222, 103.904809
1.406978, 103.911041
1.389711, 103.878686
1.381116, 103.902106
1.388871, 103.872017
1.404375, 103.904784
1.390597, 103.890148
1.395222, 103.904809
1.399056, 103.921607
1.367758, 103.895547
1.395222, 103.904809
1.379103, 103.895668
1.395337, 103.87446
1.378183, 103.878641
1.402794, 103.915879
1.391397, 103.890466
1.381284, 103.892005
1.385539, 103.900781
1.395222, 103.904809
1.3936, 103.876913
1.405352, 103.906251
1.389833, 103.907856
1.374407, 103.890564
1.400862, 103.911369
1.375417, 103.904113
1.394732, 103.879609
1.390529, 103.905609
1.395616, 103.897942
1.391254, 103.891303
1.397135, 103.893903
1.395222, 103.904809
1.395222, 103.904809
1.403149, 103.898976
1.395222, 103.904809
1.397455, 103.87801
1.395222, 103.904809
1.399824, 103.915139
1.395222, 103.904809
1.390597, 103.890148
1.389195, 103.873437
1.392426, 103.883897
1.394317, 103.899208
1.397455, 103.87801
1.388269, 103.875272
1.40053, 103.870011
1.384607, 103.894502
1.395222, 103.904809
1.397095, 103.907955
1.397847, 103.906436
1.395222, 103.904809
1.375038, 103.90391
1.391351, 103.895997
1.410629, 103.901552
1.3832, 103.897433
1.389939, 103.87648
1.38762, 103.902159
1.395222, 103.904809
1.404827, 103.909872
1.39003, 103.908485
1.391184, 103.873946
1.397175, 103.90523
1.399206, 103.888873
1.375936, 103.901086
1.394579, 103.891425
1.378433, 103.888023
1.377918, 103.902765
1.390122, 103.895256
1.400404, 103.899484
1.39003, 103.908485
1.368862, 103.897954
1.395222, 103.904809
1.408793, 103.896812
1.392386, 103.897648
1.396124, 103.909284
1.388087, 103.907889
1.376636, 103.879787
1.387652, 103.895336
1.388816, 103.872392
1.386185, 103.900551
1.419803, 103.905195
1.404424, 103.904444
1.395222, 103.904809
1.374407, 103.890564
1.418499, 103.908955
1.385087, 103.898737
1.389789, 103.876097
1.396366, 103.91425
1.386162, 103.892092
1.395222, 103.904809
1.400598, 103.89892
1.408317, 103.897053
1.401037, 103.903988
